*  31750,57743, 68,66,2, (0xA212C020)
RAW P   1639,  212, 5581, 5369,    8, 0xA212C040 [212-212/1488-1605/2569-2569/2955-3000/5581-5581]
RAW S   1117, 1139, 5179, 4040,    2, 96 [1139-1260/2630-2697/4165-5179]
RAW PS  2756, 1444,10760, 9316,   10, 0xA212C020 [1444-1444/2570-2760/4175-4215/5642-5734/10760-10760]
    0: 1639, 1117 [ 2756], 1580, 1158 [ 2738], 1605, 1139 [ 2744], 1585, 1149 [ 2734], 1578, 1170 [ 2748], 1562, 1169 [ 2731], 1570, 1164 [ 2734], 1569, 4165 [ 5734]
   16: 5581, 5179 [10760], 1543, 1186 [ 2729], 1569, 1180 [ 2749], 1556, 1184 [ 2740], 1545, 2630 [ 4175], 1567, 1175 [ 2742], 1540, 1211 [ 2751], 1532, 1194 [ 2726]
   32: 3000, 2650 [ 5650], 2995, 2665 [ 5660], 1521, 1219 [ 2740], 2989, 2653 [ 5642], 1530, 1212 [ 2742], 1515, 1221 [ 2736], 2976, 2685 [ 5661], 1517, 1243 [ 2760]
   48: 1488, 1202 [ 2690], 1530, 1213 [ 2743], 1529, 1219 [ 2748], 2969, 2694 [ 5663], 2569,    1 [ 2570],  212, 1232 [ 1444], 1493, 2697 [ 4190], 2955, 1260 [ 4215]
   64: 1475, 2683 [ 4158], 2976,    0 [ 2976]
!Rounded  5, 3, 5, 0
    0: 1550, 1200, 1550, 1200, 1550, 1200, 1550, 1200, 1550, 1200, 1550, 1200, 1550, 1200, 1550, 4700
   16: 5600, 4700, 1550, 1200, 1550, 1200, 1550, 1200, 1550, 2700, 1550, 1200, 1550, 1200, 1550, 1200
   32: 3000, 2700, 3000, 2700, 1550, 1200, 3000, 2700, 1550, 1200, 1550, 1200, 3000, 2700, 1550, 1200
   48: 1550, 1200, 1550, 1200, 1550, 1200, 3000, 2700, 2600,    1,  210, 1200, 1550, 2700, 3000, 1200
   64: 1475, 2700, 3000,    0
PreAmble Sync 11 54 55 55 55 15
PreAmble Sync 11 54 01010101 01010101 01010101 00010101 0
*  29993,52442, 62,61,1, (48)
RAW P   1611, 1525, 5587, 4062,    1, 32 [1525-1612/2969-3013/5587-5587]
RAW S   1138, 1126, 5161, 4035,    2, 48 [1126-1226/2632-2661/4165-5161]
RAW PS  2749, 2712,10748, 8036,    3, 16 [2712-2751/4193-4214/5635-5738/10748-10748]
    0: 1611, 1138 [ 2749], 1610, 1124 [ 2734], 1612, 1126 [ 2738], 1597, 1137 [ 2734], 1587, 1156 [ 2743], 1573, 4165 [ 5738], 5587, 5161 [10748], 1595, 1144 [ 2739]
   16: 1583, 1145 [ 2728], 1587, 1157 [ 2744], 1561, 2637 [ 4198], 1568, 1168 [ 2736], 1560, 1177 [ 2737], 1566, 1183 [ 2749], 3003, 2632 [ 5635], 3013, 2642 [ 5655]
   32: 1538, 1212 [ 2750], 2997, 2646 [ 5643], 1556, 1195 [ 2751], 1532, 1180 [ 2712], 3006, 2656 [ 5662], 1532, 1219 [ 2751], 1525, 1201 [ 2726], 1531, 1201 [ 2732]
   48: 1547, 1184 [ 2731], 2993, 2658 [ 5651], 2999, 1194 [ 4193], 1553, 2661 [ 4214], 2969, 1226 [ 4195], 1523, 2670 [ 4193], 2969,    0 [ 2969]
!Rounded  3, 3, 4, 0
    0: 1570, 1120, 1570, 1120, 1570, 1180, 1570, 1180, 1570, 1180, 1570, 4700, 5600, 4700, 1570, 1180
   16: 1570, 1180, 1570, 1180, 1570, 2600, 1570, 1180, 1570, 1180, 1570, 1180, 3000, 2600, 3000, 2600
   32: 1570, 1180, 3000, 2600, 1570, 1180, 1570, 1180, 3000, 2600, 1570, 1180, 1570, 1180, 1570, 1180
   48: 1570, 1180, 3000, 2600, 3000, 1180, 1570, 2600, 3000, 1180, 1523, 2670, 3000,    0
PreAmble Sync  7 52 F8 14 84 2
PreAmble Sync  7 52 11111000 00010100 10000100 00000010 1101101
!    142, 27800, 50,49,1, (0xF80008)
RAW P    351, 1526, 3033, 1507,    8, 0xAC2580 [1526-1583/2979-3033]
RAW S   5160, 1164, 2662, 1498,    8, 0x542588 [1164-1213/2617-2662]
RAW PS  5511, 2726, 5654, 2928,   16, 0xF80008 [2726-2760/4183-4204/5647-5654]
    0:  351, 5160 [ 5511], 1583, 1167 [ 2750], 1556, 1174 [ 2730], 1568, 1179 [ 2747], 1563, 2620 [ 4183], 1569, 1164 [ 2733], 1583, 1177 [ 2760], 1559, 1167 [ 2726]
   16: 3033, 2617 [ 5650], 3014, 2633 [ 5647], 1578, 1167 [ 2745], 3010, 2644 [ 5654], 1551, 1196 [ 2747], 1545, 1183 [ 2728], 3008, 2643 [ 5651], 1553, 1181 [ 2734]
   32: 1560, 1195 [ 2755], 1535, 1199 [ 2734], 1536, 1201 [ 2737], 2995, 2657 [ 5652], 2992, 1212 [ 4204], 1526, 2662 [ 4188], 2979, 1213 [ 4192], 1529, 2677 [ 4206]
   48: 2972,    0 [ 2972]
!Rounded  2, 2, 3, 0
    0: 1550, 5200, 1550, 1190, 1550, 1190, 1550, 1190, 1550, 2600, 1550, 1190, 1550, 1190, 1550, 1190
   16: 3000, 2600, 3000, 2600, 1550, 1190, 3000, 2600, 1550, 1190, 1550, 1190, 3000, 2600, 1550, 1190
   32: 1550, 1190, 1550, 1190, 1550, 1190, 3000, 2600, 3000, 1190, 1550, 2600, 3000, 1190, 1550, 2677
   48: 2972,    0
PreAmble Short  5 45 FA DE FF 49
PreAmble Short  5 45 11111010 11011110 11111111 01001001 0
*  27525,44261, 56,55,1, (6)
RAW P   1638, 1536, 5592, 4056,    1, 4 [1536-1614/3004-3018/5592-5592]
RAW S   1131, 1158, 5154, 3996,    2, 6 [1158-1203/2625-2653/4150-5154]
RAW PS  2769, 2725,10746, 8021,    3, 2 [2725-2743/4187-4198/5642-5738/10746-10746]
    0: 1638, 1131 [ 2769], 1614, 1124 [ 2738], 1588, 4150 [ 5738], 5592, 5154 [10746], 1579, 1158 [ 2737], 1570, 1167 [ 2737], 1574, 1164 [ 2738], 1566, 2630 [ 4196]
   16: 1562, 1169 [ 2731], 1574, 1168 [ 2742], 1573, 1168 [ 2741], 3006, 2650 [ 5656], 3004, 2653 [ 5657], 1536, 1190 [ 2726], 3010, 2642 [ 5652], 1540, 1203 [ 2743]
   32: 1537, 1188 [ 2725], 3005, 2644 [ 5649], 1548, 1189 [ 2737], 1545, 1192 [ 2737], 1556, 1184 [ 2740], 1551, 1180 [ 2731], 3017, 2625 [ 5642], 3018, 1180 [ 4198]
   48: 1554, 2636 [ 4190], 3016, 1171 [ 4187], 1562, 2651 [ 4213], 3001,    0 [ 3001]
!Rounded  3, 3, 4, 0
    0: 1580, 1120, 1580, 1120, 1580, 4700, 5600, 4700, 1580, 1180, 1580, 1180, 1580, 1180, 1580, 2600
   16: 1580, 1180, 1580, 1180, 1580, 1180, 3000, 2600, 3000, 2600, 1580, 1180, 3000, 2600, 1580, 1180
   32: 1580, 1180, 3000, 2600, 1580, 1180, 1580, 1180, 1580, 1180, 1580, 1180, 3000, 2600, 3000, 1180
   48: 1580, 2600, 3000, 1180, 1580, 2600, 3001,    0
PreAmble Sync  1 52 F8 14 84 2
PreAmble Sync  1 52 11111000 00010100 10000100 00000010 1101101
!    117,52441, 62,61,1, (48)
RAW P   1651, 1447, 5584, 4137,    1, 32 [1447-1639/2963-3010/5584-5584]
RAW S   1107, 1131, 5172, 4041,    2, 48 [1131-1272/2643-2756/4162-5172]
RAW PS  2758, 2652,10756, 8104,    3, 16 [2652-2753/4187-4245/5641-5740/10756-10756]
    0: 1651, 1107 [ 2758], 1639, 1114 [ 2753], 1567, 1167 [ 2734], 1599, 1131 [ 2730], 1600, 1136 [ 2736], 1578, 4162 [ 5740], 5584, 5172 [10756], 1566, 1180 [ 2746]
   16: 1555, 1167 [ 2722], 1568, 1180 [ 2748], 1547, 2643 [ 4190], 1564, 1175 [ 2739], 1557, 1181 [ 2738], 1549, 1186 [ 2735], 3001, 2646 [ 5647], 3010, 2659 [ 5669]
   32: 1524, 1208 [ 2732], 2993, 2658 [ 5651], 1519, 1220 [ 2739], 1521, 1219 [ 2740], 2972, 2756 [ 5728], 1447, 1205 [ 2652], 1526, 1215 [ 2741], 1513, 1233 [ 2746]
   48: 1504, 1231 [ 2735], 2967, 2674 [ 5641], 2963, 1233 [ 4196], 1504, 2683 [ 4187], 2973, 1272 [ 4245], 1468, 2680 [ 4148], 2955,    0 [ 2955]
!Rounded  3, 3, 4, 0
    0: 1540, 1110, 1540, 1110, 1540, 1200, 1540, 1200, 1540, 1200, 1540, 4700, 5600, 4700, 1540, 1200
   16: 1540, 1200, 1540, 1200, 1540, 2700, 1540, 1200, 1540, 1200, 1540, 1200, 3000, 2700, 3000, 2700
   32: 1540, 1200, 3000, 2700, 1540, 1200, 1540, 1200, 3000, 2700, 1540, 1200, 1540, 1200, 1540, 1200
   48: 1540, 1200, 3000, 2700, 3000, 1200, 1540, 2700, 3000, 1200, 1540, 2700, 2955,    0

    0: -_-_-_-_-_-4700, 5600, 4700, -_
   16: -_-_-_-_-_-_--_--_
   32: -_--_-_-_--_-_-_-_
   48: -_--_--_-_--_-_2955,    0

    0: SsSsSsSsSsS4700, 5600, 4700, 
    sSs
   16: SsSsSlSsSsSs LlLl
   32: SsLlSs SsLlSsSsSs
   48: SsL lLsSlLsSll,    0

PreAmble Sync  7 52 F8 14 84 2
PreAmble Sync  7 52 11111000 00010100 10000100 00000010 1101101
                    00001111 01011011 10111110 1001001
		    00001111 01011011 10111110 10010010
		    11110000 11011010 01111101 01001001
0F 5B BE 92
F0 DA 7D 49

*  30020, 27418, 54,51,3, (0x780008)
RAW P    320, 1089, 3017, 1928,    7, 0x2C2580 [1089-1224/1496-1601/2951-3017]
RAW S   5171, 1165, 2748, 1583,    8, 0x542588 [1165-1256/1509-1509/2602-2748]
RAW PS  5491, 2728, 5671, 2943,   15, 0x780008 [2728-2748/3972-3972/4184-4218/4460-4460/5638-5671]
    0:  320, 5171 [ 5491], 1601, 1143 [ 2744], 1567, 1175 [ 2742], 1570, 1165 [ 2735], 1587, 2602 [ 4189], 1562, 1181 [ 2743], 1561, 1167 [ 2728], 1580, 1168 [ 2748]
   16: 3016, 2639 [ 5655], 3013, 2645 [ 5658], 1540, 1196 [ 2736], 3003, 2639 [ 5642], 1562, 1173 [ 2735], 1564, 1175 [ 2739], 3017, 2621 [ 5638], 1570, 1177 [ 2747]
   32: 1563, 1176 [ 2739], 1560, 1186 [ 2746], 1544, 1199 [ 2743], 2987, 2684 [ 5671], 2962, 1256 [ 4218], 1496, 2688 [ 4184], 2951, 1509 [ 4460], 1224, 2748 [ 3972]
   48: 1089,    1 [ 1090], 1078,   16 [ 1094],  367,    0 [  367]
!Rounded  3, 3, 5, 2
    0: 1550, 5200, 1550, 1170, 1550, 1170, 1550, 1170, 1550, 2700, 1550, 1170, 1550, 1170, 1550, 1170
   16: 3000, 2700, 3000, 2700, 1550, 1170, 3000, 2700, 1550, 1170, 1550, 1170, 3000, 2700, 1550, 1170
   32: 1550, 1170, 1550, 1170, 1550, 1170, 3000, 2700, 3000, 1170, 1550, 2700, 3000, 1550, 1170, 2700
   48: 1170,    1, 1078,   16,  367,    0
PreAmble Sync  5 48 55 55 55
PreAmble Sync  5 48 01010101 01010101 01010101 00000
!    121,49710, 60,59,1, (24)
RAW P   1643, 1503, 5572, 4069,    1, 16 [1503-1602/2975-3011/5572-5572]
RAW S   1106, 1142, 5176, 4034,    2, 24 [1142-1236/2634-2668/4160-5176]
RAW PS  2749, 2715,10748, 8033,    3, 8 [2715-2747/4171-4225/5641-5741/10748-10748]
    0: 1643, 1106 [ 2749], 1602, 1135 [ 2737], 1595, 1142 [ 2737], 1597, 1148 [ 2745], 1581, 4160 [ 5741], 5572, 5176 [10748], 1556, 1182 [ 2738], 1563, 1181 [ 2744]
   16: 1561, 1174 [ 2735], 1556, 2634 [ 4190], 1567, 1169 [ 2736], 1555, 1186 [ 2741], 1569, 1175 [ 2744], 3011, 2636 [ 5647], 3006, 2638 [ 5644], 1548, 1199 [ 2747]
   32: 3004, 2659 [ 5663], 1524, 1221 [ 2745], 1519, 1196 [ 2715], 3005, 2663 [ 5668], 1510, 1207 [ 2717], 1535, 1202 [ 2737], 1537, 1205 [ 2742], 1526, 1212 [ 2738]
   48: 2988, 2653 [ 5641], 2989, 1236 [ 4225], 1503, 2668 [ 4171], 2975, 1230 [ 4205], 1500, 2684 [ 4184], 2972,    0 [ 2972]
!Rounded  3, 3, 4, 0
    0: 1550, 1140, 1550, 1140, 1550, 1190, 1550, 1190, 1550, 4700, 5600, 4700, 1550, 1190, 1550, 1190
   16: 1550, 1190, 1550, 2700, 1550, 1190, 1550, 1190, 1550, 1190, 3000, 2700, 3000, 2700, 1550, 1190
   32: 3000, 2700, 1550, 1190, 1550, 1190, 3000, 2700, 1550, 1190, 1550, 1190, 1550, 1190, 1550, 1190
   48: 3000, 2700, 3000, 1190, 1550, 2700, 3000, 1190, 1500, 2684, 2972,    0
PreAmble Sync  5 52 F8 14 84 2
PreAmble Sync  5 52 11111000 00010100 10000100 00000010 1101101
*  23512,49544, 62,60,2, (24)
RAW P   1623, 1464, 5592, 4128,    1, 16 [1464-1651/2883-3012/5592-5592]
RAW S   1120, 1127, 5155, 4028,    2, 24 [1127-1275/2633-2770/4120-5155]
RAW PS  2743, 2723,10747, 8024,    3, 8 [2723-2797/4116-4238/5644-5749/10747-10747]
    0: 1623, 1120 [ 2743], 1607, 1069 [ 2676], 1651, 1146 [ 2797], 1602, 1127 [ 2729], 1629, 4120 [ 5749], 5592, 5155 [10747], 1583, 1156 [ 2739], 1579, 1167 [ 2746]
   16: 1591, 1145 [ 2736], 1561, 2633 [ 4194], 1572, 1163 [ 2735], 1570, 1177 [ 2747], 1564, 1165 [ 2729], 3012, 2655 [ 5667], 2992, 2655 [ 5647], 1542, 1218 [ 2760]
   32: 2980, 2669 [ 5649], 1519, 1222 [ 2741], 1511, 1225 [ 2736], 2957, 2687 [ 5644], 1517, 1222 [ 2739], 1505, 1253 [ 2758], 1490, 1233 [ 2723], 1507, 1222 [ 2729]
   48: 2960, 2694 [ 5654], 2963, 1275 [ 4238], 1464, 2770 [ 4234], 2883, 1233 [ 4116], 1472, 2732 [ 4204], 2091,    1 [ 2092],  682,    0 [  682]
!Rounded  3, 3, 4, 0
    0: 1560, 1070, 1560, 1070, 1560, 1200, 1560, 1200, 1560, 4600, 5600, 4600, 1560, 1200, 1560, 1200
   16: 1560, 1200, 1560, 2700, 1560, 1200, 1560, 1200, 1560, 1200, 2900, 2700, 2900, 2700, 1560, 1200
   32: 2900, 2700, 1560, 1200, 1560, 1200, 2900, 2700, 1560, 1200, 1560, 1200, 1560, 1200, 1560, 1200
   48: 2900, 2700, 2900, 1200, 1560, 2700, 2900, 1200, 1560, 2700, 2091,    1,  682,    0
PreAmble Sync  5 54 F8 14 84 2 DB
PreAmble Sync  5 54 11111000 00010100 10000100 00000010 11011011
!    128,41507, 54,53,1, (3)
RAW P   1657, 1513, 5583, 4070,    1, 2 [1513-1618/2978-3005/5583-5583]
RAW S   1107, 1143, 5164, 4021,    2, 3 [1143-1215/2620-2675/4118-5164]
RAW PS  2764, 2720,10747, 8027,    3, 1 [2720-2765/4187-4200/5637-5736/10747-10747]
    0: 1657, 1107 [ 2764], 1618, 4118 [ 5736], 5583, 5164 [10747], 1586, 1158 [ 2744], 1581, 1149 [ 2730], 1585, 1163 [ 2748], 1567, 2620 [ 4187], 1589, 1143 [ 2732]
   16: 1564, 1188 [ 2752], 1559, 1187 [ 2746], 2999, 2646 [ 5645], 3004, 2637 [ 5641], 1549, 1188 [ 2737], 3005, 2646 [ 5651], 1568, 1167 [ 2735], 1564, 1182 [ 2746]
   32: 2998, 2640 [ 5638], 1551, 1214 [ 2765], 1513, 1207 [ 2720], 1537, 1198 [ 2735], 1545, 1209 [ 2754], 2981, 2656 [ 5637], 2986, 1205 [ 4191], 1525, 2675 [ 4200]
   48: 2978, 1215 [ 4193], 1524, 2656 [ 4180], 2989,    0 [ 2989]
!Rounded  3, 3, 4, 0
    0: 1570, 4600, 1570, 4600, 5600, 4600, 1570, 1180, 1570, 1180, 1570, 1180, 1570, 2600, 1570, 1180
   16: 1570, 1180, 1570, 1180, 3000, 2600, 3000, 2600, 1570, 1180, 3000, 2600, 1570, 1180, 1570, 1180
   32: 3000, 2600, 1570, 1180, 1570, 1180, 1570, 1180, 1570, 1180, 3000, 2600, 3000, 1180, 1570, 2600
   48: 3000, 1180, 1570, 2600, 3000,    0
PreAmble Sync  0 52 F8 14 84 2
PreAmble Sync  0 52 11111000 00010100 10000100 00000010 1101101
Tue 2011-08-09 17:50:08, Input, (0x981B0031)
Tue 2011-08-09 17:50:14
* 36518,46999, 58,57,1, (12)
RAW P   1637, 1529, 5587, 4058,    1, 8 [1529-1631/2981-3022/5587-5587]
RAW S   1106, 1154, 5170, 4016,    2, 12 [1154-1225/2615-2659/4141-5170]
RAW PS  2743, 2727,10757, 8030,    3, 4 [2727-2755/4185-4206/5641-5741/10757-10757]
    0: 1637, 1106 [ 2743], 1631, 1124 [ 2755], 1573, 1154 [ 2727], 1600, 4141 [ 5741], 5587, 5170 [10757], 1566, 1167 [ 2733], 1568, 1169 [ 2737], 1588, 1160 [ 2748]
   16: 1570, 2615 [ 4185], 1564, 1173 [ 2737], 1561, 1188 [ 2749], 1560, 1180 [ 2740], 3011, 2633 [ 5644], 3022, 2634 [ 5656], 1551, 1187 [ 2738], 3003, 2651 [ 5654]
   32: 1545, 1189 [ 2734], 1544, 1189 [ 2733], 2997, 2651 [ 5648], 1550, 1190 [ 2740], 1547, 1203 [ 2750], 1532, 1208 [ 2740], 1529, 1201 [ 2730], 2988, 2653 [ 5641]
   48: 3005, 1199 [ 4204], 1530, 2659 [ 4189], 2981, 1225 [ 4206], 1511, 2680 [ 4191], 2985,    0 [ 2985]
!Rounded  3, 3, 4, 0
    0: 1580, 1120, 1580, 1120, 1580, 1190, 1580, 4700, 5600, 4700, 1580, 1190, 1580, 1190, 1580, 1190
   16: 1580, 2600, 1580, 1190, 1580, 1190, 1580, 1190, 3000, 2600, 3000, 2600, 1580, 1190, 3000, 2600
   32: 1580, 1190, 1580, 1190, 3000, 2600, 1580, 1190, 1580, 1190, 1580, 1190, 1580, 1190, 3000, 2600
   48: 3000, 1190, 1580, 2600, 3000, 1190, 1511, 2680, 3000,    0
PreAmble Sync  3 52 F8 14 84 2
PreAmble Sync  3 52 11111000 00010100 10000100 00000010 1101101
!    128,41507, 54,53,1, (3)
RAW P   1627, 1509, 5595, 4086,    1, 2 [1509-1579/2972-3019/5595-5595]
RAW S   1137, 1152, 5157, 4005,    2, 3 [1152-1246/2630-2680/4157-5157]
RAW PS  2764, 2730,10752, 8022,    3, 1 [2730-2751/4189-4220/5640-5736/10752-10752]
    0: 1627, 1137 [ 2764], 1579, 4157 [ 5736], 5595, 5157 [10752], 1574, 1165 [ 2739], 1575, 1164 [ 2739], 1578, 1152 [ 2730], 1573, 2630 [ 4203], 1553, 1186 [ 2739]
   16: 1554, 1182 [ 2736], 1563, 1173 [ 2736], 3019, 2633 [ 5652], 3007, 2643 [ 5650], 1545, 1188 [ 2733], 3007, 2636 [ 5643], 1572, 1179 [ 2751], 1550, 1186 [ 2736]
   32: 2998, 2657 [ 5655], 1531, 1206 [ 2737], 1541, 1196 [ 2737], 1538, 1199 [ 2737], 1534, 1203 [ 2737], 2998, 2642 [ 5640], 2993, 1227 [ 4220], 1509, 2680 [ 4189]
   48: 2972, 1246 [ 4218], 1481, 2703 [ 4184], 2950,    0 [ 2950]
!Rounded  3, 3, 4, 0
    0: 1540, 4700, 1540, 4700, 5600, 4700, 1540, 1200, 1540, 1200, 1540, 1200, 1540, 2700, 1540, 1200
   16: 1540, 1200, 1540, 1200, 3000, 2700, 3000, 2700, 1540, 1200, 3000, 2700, 1540, 1200, 1540, 1200
   32: 3000, 2700, 1540, 1200, 1540, 1200, 1540, 1200, 1540, 1200, 3000, 2700, 3000, 1200, 1540, 2700
   48: 3000, 1200, 1481, 2703, 2950,    0
PreAmble Sync  0 52 F8 14 84 2
PreAmble Sync  0 52 11111000 00010100 10000100 00000010 1101101
*  19517,46956, 58,57,1, (12)
RAW P   1649, 1472, 5603, 4131,    1, 8 [1472-1601/2913-3007/5603-5603]
RAW S   1100, 1163, 5155, 3992,    2, 12 [1163-1246/2645-2744/4165-5155]
RAW PS  2749, 2717,10758, 8041,    3, 4 [2717-2767/4144-4255/5632-5727/10758-10758]
    0: 1649, 1100 [ 2749], 1601, 1139 [ 2740], 1567, 1175 [ 2742], 1562, 4165 [ 5727], 5603, 5155 [10758], 1570, 1163 [ 2733], 1560, 1180 [ 2740], 1562, 1186 [ 2748]
   16: 1541, 2646 [ 4187], 1547, 1199 [ 2746], 1537, 1198 [ 2735], 1543, 1203 [ 2746], 2987, 2645 [ 5632], 3007, 2652 [ 5659], 1530, 1208 [ 2738], 2988, 2670 [ 5658]
   32: 1515, 1209 [ 2724], 1528, 1227 [ 2755], 2972, 2664 [ 5636], 1532, 1212 [ 2744], 1521, 1246 [ 2767], 1472, 1246 [ 2718], 1498, 1219 [ 2717], 2978, 2683 [ 5661]
   48: 2966, 1220 [ 4186], 1511, 2744 [ 4255], 2913, 1231 [ 4144], 1506, 2688 [ 4194], 2953,    0 [ 2953]
!Rounded  3, 3, 4, 0
    0: 1540, 1140, 1540, 1140, 1540, 1200, 1540, 4700, 5600, 4700, 1540, 1200, 1540, 1200, 1540, 1200
   16: 1540, 2700, 1540, 1200, 1540, 1200, 1540, 1200, 3000, 2700, 3000, 2700, 1540, 1200, 3000, 2700
   32: 1540, 1200, 1540, 1200, 3000, 2700, 1540, 1200, 1540, 1200, 1540, 1200, 1540, 1200, 3000, 2700
   48: 3000, 1200, 1540, 2700, 3000, 1200, 1540, 2700, 3000,    0
PreAmble Sync  3 52 F8 14 84 2
PreAmble Sync  3 52 11111000 00010100 10000100 00000010 1101101
!    117,52450, 62,61,1, (48)
RAW P   1632, 1519, 5606, 4087,    1, 32 [1519-1605/2985-3019/5606-5606]
RAW S   1138, 1126, 5154, 4028,    2, 48 [1126-1212/2627-2664/4133-5154]
RAW PS  2770, 2715,10760, 8045,    3, 16 [2715-2767/4181-4203/5636-5719/10760-10760]
    0: 1632, 1138 [ 2770], 1604, 1132 [ 2736], 1605, 1126 [ 2731], 1600, 1141 [ 2741], 1593, 1150 [ 2743], 1586, 4133 [ 5719], 5606, 5154 [10760], 1587, 1158 [ 2745]
   16: 1588, 1143 [ 2731], 1581, 1157 [ 2738], 1576, 2627 [ 4203], 1561, 1180 [ 2741], 1554, 1164 [ 2718], 1581, 1186 [ 2767], 2994, 2642 [ 5636], 3003, 2637 [ 5640]
   32: 1547, 1189 [ 2736], 3019, 2651 [ 5670], 1531, 1199 [ 2730], 1545, 1188 [ 2733], 3000, 2664 [ 5664], 1519, 1196 [ 2715], 1547, 1190 [ 2737], 1538, 1211 [ 2749]
   48: 1532, 1192 [ 2724], 3001, 2661 [ 5662], 2985, 1209 [ 4194], 1530, 2651 [ 4181], 2991, 1212 [ 4203], 1518, 2682 [ 4200], 2969,    0 [ 2969]
!Rounded  3, 3, 4, 0
    0: 1560, 1170, 1560, 1170, 1560, 1170, 1560, 1170, 1560, 1170, 1560, 4600, 5600, 4600, 1560, 1170
   16: 1560, 1170, 1560, 1170, 1560, 2600, 1560, 1170, 1560, 1170, 1560, 1170, 3000, 2600, 3000, 2600
   32: 1560, 1170, 3000, 2600, 1560, 1170, 1560, 1170, 3000, 2600, 1560, 1170, 1560, 1170, 1560, 1170
   48: 1560, 1170, 3000, 2600, 3000, 1170, 1560, 2600, 3000, 1170, 1518, 2682, 2969,    0
PreAmble Sync  7 52 F8 14 84 2
PreAmble Sync  7 52 11111000 00010100 10000100 00000010 1101101
*   2758,55183, 64,63,1, (96)
RAW P   1629, 1519, 5564, 4045,    1, 64 [1519-1611/2974-3004/5564-5564]
RAW S   1130, 1145, 5186, 4041,    2, 96 [1145-1217/2638-2693/4162-5186]
RAW PS  2759, 2727,10750, 8023,    3, 32 [2727-2755/4176-4212/5623-5737/10750-10750]
    0: 1629, 1130 [ 2759], 1611, 1124 [ 2735], 1582, 1145 [ 2727], 1599, 1152 [ 2751], 1568, 1173 [ 2741], 1582, 1145 [ 2727], 1575, 4162 [ 5737], 5564, 5186 [10750]
   16: 1576, 1161 [ 2737], 1573, 1173 [ 2746], 1563, 1176 [ 2739], 1540, 2638 [ 4178], 1568, 1180 [ 2748], 1550, 1183 [ 2733], 1553, 1196 [ 2749], 3004, 2658 [ 5662]
   32: 2978, 2657 [ 5635], 1544, 1186 [ 2730], 2989, 2661 [ 5650], 1549, 1200 [ 2749], 1534, 1217 [ 2751], 2978, 2645 [ 5623], 1548, 1207 [ 2755], 1525, 1211 [ 2736]
   48: 1530, 1206 [ 2736], 1519, 1214 [ 2733], 2982, 2661 [ 5643], 2989, 1205 [ 4194], 1519, 2693 [ 4212], 2974, 1202 [ 4176], 1522, 2670 [ 4192], 2985,    0 [ 2985]
!Rounded  3, 3, 4, 0
    0: 1570, 1120, 1570, 1120, 1570, 1180, 1570, 1180, 1570, 1180, 1570, 1180, 1570, 4700, 5600, 4700
   16: 1570, 1180, 1570, 1180, 1570, 1180, 1570, 2700, 1570, 1180, 1570, 1180, 1570, 1180, 3000, 2700
   32: 3000, 2700, 1570, 1180, 3000, 2700, 1570, 1180, 1570, 1180, 3000, 2700, 1570, 1180, 1570, 1180
   48: 1570, 1180, 1570, 1180, 3000, 2700, 3000, 1180, 1570, 2700, 3000, 1180, 1570, 2700, 3000,    0
PreAmble Sync  9 52 F8 14 84 2
PreAmble Sync  9 52 11111000 00010100 10000100 00000010 1101101
Tue 2011-08-09 17:52:19, Input, (96)
Tue 2011-08-09 17:52:20
*  30001,55201, 64,63,1, (96)
RAW P   1659, 1518, 5594, 4076,    1, 64 [1518-1605/2978-3019/5594-5594]
RAW S   1111, 1135, 5158, 4023,    2, 96 [1135-1218/2628-2677/4160-5158]
RAW PS  2770, 2717,10752, 8035,    3, 32 [2717-2748/4181-4213/5637-5745/10752-10752]
    0: 1659, 1111 [ 2770], 1605, 1138 [ 2743], 1585, 1154 [ 2739], 1579, 1155 [ 2734], 1585, 1162 [ 2747], 1588, 1135 [ 2723], 1585, 4160 [ 5745], 5594, 5158 [10752]
   16: 1569, 1170 [ 2739], 1554, 1180 [ 2734], 1574, 1169 [ 2743], 1562, 2628 [ 4190], 1554, 1181 [ 2735], 1569, 1168 [ 2737], 1566, 1169 [ 2735], 3019, 2634 [ 5653]
   32: 3011, 2640 [ 5651], 1555, 1186 [ 2741], 2999, 2651 [ 5650], 1540, 1189 [ 2729], 1559, 1189 [ 2748], 2993, 2677 [ 5670], 1518, 1199 [ 2717], 1531, 1211 [ 2742]
   48: 1530, 1192 [ 2722], 1548, 1200 [ 2748], 2984, 2653 [ 5637], 2995, 1218 [ 4213], 1523, 2670 [ 4193], 2978, 1203 [ 4181], 1531, 2671 [ 4202], 2974,    0 [ 2974]
!Rounded  3, 3, 4, 0
    0: 1560, 1180, 1560, 1180, 1560, 1180, 1560, 1180, 1560, 1180, 1560, 1180, 1560, 4700, 5600, 4700
   16: 1560, 1180, 1560, 1180, 1560, 1180, 1560, 2700, 1560, 1180, 1560, 1180, 1560, 1180, 3000, 2700
   32: 3000, 2700, 1560, 1180, 3000, 2700, 1560, 1180, 1560, 1180, 3000, 2700, 1560, 1180, 1560, 1180
   48: 1560, 1180, 1560, 1180, 3000, 2700, 3000, 1180, 1560, 2700, 3000, 1180, 1560, 2700, 2974,    0
PreAmble Sync  9 52 F8 14 84 2
PreAmble Sync  9 52 11111000 00010100 10000100 00000010 1101101
*  15516,49523, 62,60,2, (24)
RAW P   1616,  866, 5582, 4716,    1, 16 [866-866/1446-1594/1872-1872/2919-3016/5582-5582]
RAW S   1141, 1160, 5164, 4004,    2, 24 [1160-1303/2623-2729/4175-5164]
RAW PS  2757, 2695,10746, 8051,    3, 8 [2695-2781/3578-3578/4178-4222/5635-5739/10746-10746]
    0: 1616, 1141 [ 2757], 1594, 1142 [ 2736], 1575, 1161 [ 2736], 1580, 1160 [ 2740], 1564, 4175 [ 5739], 5582, 5164 [10746], 1580, 1161 [ 2741], 1564, 1183 [ 2747]
   16: 1554, 1177 [ 2731], 1555, 2623 [ 4178], 1560, 1182 [ 2742], 1564, 1181 [ 2745], 1554, 1186 [ 2740], 3016, 2655 [ 5671], 2976, 2659 [ 5635], 1522, 1228 [ 2750]
   32: 2966, 2680 [ 5646], 1509, 1256 [ 2765], 1480, 1236 [ 2716], 2961, 2706 [ 5667], 1474, 1301 [ 2775], 1446, 1249 [ 2695], 1488, 1233 [ 2721], 1497, 1284 [ 2781]
   48: 1872,    1 [ 1873],  866, 2712 [ 3578], 2934, 1282 [ 4216], 1454, 2729 [ 4183], 2919, 1303 [ 4222], 1433, 2697 [ 4130], 2957,    0 [ 2957]
!Rounded  5, 3, 5, 0
    0: 1520, 1140, 1520, 1140, 1520, 1230, 1520, 1230, 1520, 4700, 5600, 4700, 1520, 1230, 1520, 1230
   16: 1520, 1230, 1520, 2700, 1520, 1230, 1520, 1230, 1520, 1230, 3000, 2700, 3000, 2700, 1520, 1230
   32: 3000, 2700, 1520, 1230, 1520, 1230, 3000, 2700, 1520, 1230, 1520, 1230, 1520, 1230, 1520, 1230
   48: 1870,    1,  870, 2700, 3000, 1230, 1520, 2700, 3000, 1230, 1433, 2700, 3000,    0
PreAmble Sync  5 54 55 55 54 AA
PreAmble Sync  5 54 01010101 01010101 01010100 10101010
!    128,41503, 54,53,1, (3)
RAW P   1645, 1516, 5596, 4080,    1, 2 [1516-1611/2980-3032/5596-5596]
RAW S   1106, 1151, 5148, 3997,    2, 3 [1151-1217/2626-2678/4140-5148]
RAW PS  2751, 2725,10744, 8019,    3, 1 [2725-2752/4194-4197/5637-5751/10744-10744]
    0: 1645, 1106 [ 2751], 1611, 4140 [ 5751], 5596, 5148 [10744], 1576, 1171 [ 2747], 1575, 1151 [ 2726], 1567, 1176 [ 2743], 1564, 2632 [ 4196], 1548, 1195 [ 2743]
   16: 1545, 1186 [ 2731], 1572, 1180 [ 2752], 3003, 2634 [ 5637], 3032, 2626 [ 5658], 1548, 1177 [ 2725], 3006, 2649 [ 5655], 1557, 1187 [ 2744], 1537, 1199 [ 2736]
   32: 2997, 2652 [ 5649], 1541, 1196 [ 2737], 1524, 1207 [ 2731], 1541, 1206 [ 2747], 1528, 1202 [ 2730], 2981, 2676 [ 5657], 2989, 1206 [ 4195], 1516, 2678 [ 4194]
   48: 2980, 1217 [ 4197], 1515, 2699 [ 4214], 2949,    0 [ 2949]
!Rounded  3, 3, 4, 0
    0: 1560, 4600, 1560, 4600, 5600, 4600, 1560, 1180, 1560, 1180, 1560, 1180, 1560, 2700, 1560, 1180
   16: 1560, 1180, 1560, 1180, 3000, 2700, 3000, 2700, 1560, 1180, 3000, 2700, 1560, 1180, 1560, 1180
   32: 3000, 2700, 1560, 1180, 1560, 1180, 1560, 1180, 1560, 1180, 3000, 2700, 3000, 1180, 1560, 2700
   48: 3000, 1180, 1515, 2699, 2949,    0
PreAmble Sync  0 52 F8 14 84 2
PreAmble Sync  0 52 11111000 00010100 10000100 00000010 1101101
*  30001,49703, 60,59,1, (24)
RAW P   1620, 1402, 5601, 4199,    1, 16 [1402-1591/2788-2942/3008-3022/5601-5601]
RAW S   1135, 1144, 5150, 4006,    2, 24 [1144-1282/2618-2709/2855-2898/4159-5150]
RAW PS  2755, 2708,10751, 8043,    3, 8 [2708-2782/4137-4257/5648-5737/10751-10751]
    0: 1620, 1135 [ 2755], 1578, 1155 [ 2733], 1591, 1144 [ 2735], 1583, 1157 [ 2740], 1578, 4159 [ 5737], 5601, 5150 [10751], 1569, 1171 [ 2740], 1580, 1160 [ 2740]
   16: 1564, 1175 [ 2739], 1566, 2618 [ 4184], 1570, 1170 [ 2740], 1569, 1170 [ 2739], 1560, 1177 [ 2737], 3022, 2626 [ 5648], 3017, 2644 [ 5661], 1542, 1192 [ 2734]
   32: 3008, 2644 [ 5652], 1538, 1206 [ 2744], 1542, 1219 [ 2761], 2942, 2709 [ 5651], 1500, 1282 [ 2782], 1456, 1252 [ 2708], 1479, 1251 [ 2730], 1497, 1241 [ 2738]
   48: 2788, 2898 [ 5686], 2896, 1260 [ 4156], 1402, 2855 [ 4257], 2859, 1278 [ 4137], 1475, 2764 [ 4239], 2885,    0 [ 2885]
!Rounded  4, 4, 4, 1
    0: 1500, 1210, 1500, 1210, 1500, 1210, 1500, 1210, 1500, 4700, 5600, 4700, 1500, 1210, 1500, 1210
   16: 1500, 1210, 1500, 2700, 1500, 1210, 1500, 1210, 1500, 1210, 3000, 2700, 3000, 2700, 1500, 1210
   32: 3000, 2700, 1500, 1210, 1500, 1210, 2900, 2700, 1500, 1210, 1500, 1210, 1500, 1210, 1500, 1210
   48: 2900, 2900, 2900, 1210, 1500, 2900, 2900, 1210, 1500, 2764, 2900,    0
PreAmble Sync  5 52 F8 14 84 2
PreAmble Sync  5 52 11111000 00010100 10000100 00000010 1101101
!    129,41521, 54,53,1, (3)
RAW P   1649, 1526, 5584, 4058,    1, 2 [1526-1597/2975-3017/5584-5584]
RAW S   1123, 1151, 5159, 4008,    2, 3 [1151-1222/2607-2672/4137-5159]
RAW PS  2772, 2719,10743, 8024,    3, 1 [2719-2761/4194-4204/5636-5734/10743-10743]
    0: 1649, 1123 [ 2772], 1597, 4137 [ 5734], 5584, 5159 [10743], 1585, 1151 [ 2736], 1581, 1162 [ 2743], 1573, 1168 [ 2741], 1587, 2607 [ 4194], 1579, 1160 [ 2739]
   16: 1575, 1160 [ 2735], 1574, 1170 [ 2744], 3016, 2644 [ 5660], 3007, 2632 [ 5639], 1553, 1182 [ 2735], 3017, 2651 [ 5668], 1531, 1188 [ 2719], 1555, 1195 [ 2750]
   32: 3003, 2633 [ 5636], 1554, 1207 [ 2761], 1526, 1201 [ 2727], 1530, 1203 [ 2733], 1540, 1202 [ 2742], 2993, 2644 [ 5637], 3012, 1192 [ 4204], 1529, 2672 [ 4201]
   48: 2975, 1222 [ 4197], 1510, 2685 [ 4195], 2972,    0 [ 2972]
!Rounded  3, 3, 4, 0
    0: 1560, 4600, 1560, 4600, 5600, 4600, 1560, 1190, 1560, 1190, 1560, 1190, 1560, 2600, 1560, 1190
   16: 1560, 1190, 1560, 1190, 3000, 2600, 3000, 2600, 1560, 1190, 3000, 2600, 1560, 1190, 1560, 1190
   32: 3000, 2600, 1560, 1190, 1560, 1190, 1560, 1190, 1560, 1190, 3000, 2600, 3000, 1190, 1560, 2600
   48: 3000, 1190, 1510, 2685, 2972,    0
PreAmble Sync  0 52 F8 14 84 2
PreAmble Sync  0 52 11111000 00010100 10000100 00000010 1101101
Tue 2011-08-09 17:53:50
*  28755,44223, 56,55,1, (6)
RAW P   1567, 1523, 5571, 4048,    1, 4 [1523-1582/2979-3017/5571-5571]
RAW S   1162, 1169, 5180, 4011,    2, 6 [1169-1224/2624-2671/4146-5180]
RAW PS  2729, 2732,10751, 8019,    3, 2 [2732-2754/4182-4205/5620-5728/10751-10751]
    0: 1567, 1162 [ 2729], 1578, 1167 [ 2745], 1582, 4146 [ 5728], 5571, 5180 [10751], 1566, 1169 [ 2735], 1556, 1188 [ 2744], 1564, 1174 [ 2738], 1569, 2624 [ 4193]
   16: 1555, 1188 [ 2743], 1559, 1181 [ 2740], 1555, 1177 [ 2732], 3017, 2637 [ 5654], 3010, 2650 [ 5660], 1540, 1196 [ 2736], 2994, 2659 [ 5653], 1540, 1199 [ 2739]
   32: 1530, 1224 [ 2754], 2981, 2639 [ 5620], 1554, 1199 [ 2753], 1535, 1198 [ 2733], 1536, 1208 [ 2744], 1523, 1215 [ 2738], 2987, 2653 [ 5640], 2987, 1218 [ 4205]
   48: 1523, 2671 [ 4194], 2979, 1203 [ 4182], 1529, 2663 [ 4192], 2984,    0 [ 2984]
!Rounded  3, 3, 4, 0
    0: 1550, 1170, 1550, 1170, 1550, 4700, 5600, 4700, 1550, 1200, 1550, 1200, 1550, 1200, 1550, 2600
   16: 1550, 1200, 1550, 1200, 1550, 1200, 3000, 2600, 3000, 2600, 1550, 1200, 3000, 2600, 1550, 1200
   32: 1550, 1200, 3000, 2600, 1550, 1200, 1550, 1200, 1550, 1200, 1550, 1200, 3000, 2600, 3000, 1200
   48: 1550, 2600, 3000, 1200, 1550, 2600, 3000,    0
PreAmble Sync  1 52 F8 14 84 2
PreAmble Sync  1 52 11111000 00010100 10000100 00000010 1101101
Tue 2011-08-09 17:54:20
*  11515,49740, 60,59,1, (24)
RAW P   1650, 1503, 5583, 4080,    1, 16 [1503-1599/2965-3025/5583-5583]
RAW S   1103, 1142, 5165, 4023,    2, 24 [1142-1276/2608-2680/4143-5165]
RAW PS  2753, 2718,10748, 8030,    3, 8 [2718-2775/4183-4241/5641-5742/10748-10748]
    0: 1650, 1103 [ 2753], 1592, 1155 [ 2747], 1598, 1142 [ 2740], 1592, 1146 [ 2738], 1599, 4143 [ 5742], 5583, 5165 [10748], 1563, 1176 [ 2739], 1572, 1170 [ 2742]
   16: 1560, 1176 [ 2736], 1587, 2608 [ 4195], 1572, 1167 [ 2739], 1561, 1171 [ 2732], 1573, 1174 [ 2747], 3013, 2636 [ 5649], 3025, 2633 [ 5658], 1540, 1187 [ 2727]
   32: 3000, 2657 [ 5657], 1535, 1206 [ 2741], 1538, 1192 [ 2730], 3004, 2664 [ 5668], 1522, 1211 [ 2733], 1531, 1187 [ 2718], 1545, 1230 [ 2775], 1504, 1225 [ 2729]
   48: 2972, 2669 [ 5641], 2966, 1245 [ 4211], 1503, 2680 [ 4183], 2965, 1276 [ 4241], 1465, 2689 [ 4154], 2963,    0 [ 2963]
!Rounded  3, 3, 4, 0
    0: 1550, 1210, 1550, 1210, 1550, 1210, 1550, 1210, 1550, 4700, 5600, 4700, 1550, 1210, 1550, 1210
   16: 1550, 1210, 1550, 2600, 1550, 1210, 1550, 1210, 1550, 1210, 3000, 2600, 3000, 2600, 1550, 1210
   32: 3000, 2600, 1550, 1210, 1550, 1210, 3000, 2600, 1550, 1210, 1550, 1210, 1550, 1210, 1550, 1210
   48: 3000, 2600, 3000, 1210, 1550, 2600, 3000, 1210, 1465, 2689, 2963,    0
PreAmble Sync  5 52 F8 14 84 2
PreAmble Sync  5 52 11111000 00010100 10000100 00000010 1101101
!    128,41511, 54,53,1, (3)
RAW P   1639, 1497, 5581, 4084,    1, 2 [1497-1601/2989-3027/5581-5581]
RAW S   1106, 1156, 5174, 4018,    2, 3 [1156-1234/2631-2659/4148-5174]
RAW PS  2745, 2699,10755, 8056,    3, 1 [2699-2768/4188-4213/5642-5749/10755-10755]
    0: 1639, 1106 [ 2745], 1601, 4148 [ 5749], 5581, 5174 [10755], 1572, 1168 [ 2740], 1588, 1156 [ 2744], 1555, 1176 [ 2731], 1563, 2631 [ 4194], 1562, 1183 [ 2745]
   16: 1562, 1169 [ 2731], 1570, 1160 [ 2730], 3027, 2637 [ 5664], 2999, 2650 [ 5649], 1551, 1192 [ 2743], 3005, 2637 [ 5642], 1542, 1195 [ 2737], 1547, 1188 [ 2735]
   32: 3004, 2659 [ 5663], 1525, 1221 [ 2746], 1522, 1192 [ 2714], 1534, 1234 [ 2768], 1497, 1202 [ 2699], 3010, 2643 [ 5653], 3001, 1205 [ 4206], 1532, 2656 [ 4188]
   48: 2989, 1224 [ 4213], 1504, 2680 [ 4184], 2979,    0 [ 2979]
!Rounded  3, 3, 4, 0
    0: 1550, 4700, 1550, 4700, 5600, 4700, 1550, 1200, 1550, 1200, 1550, 1200, 1550, 2600, 1550, 1200
   16: 1550, 1200, 1550, 1200, 3000, 2600, 3000, 2600, 1550, 1200, 3000, 2600, 1550, 1200, 1550, 1200
   32: 3000, 2600, 1550, 1200, 1550, 1200, 1550, 1200, 1550, 1200, 3000, 2600, 3000, 1200, 1550, 2600
   48: 3000, 1200, 1550, 2680, 2979,    0
PreAmble Sync  0 52 F8 14 84 2
PreAmble Sync  0 52 11111000 00010100 10000100 00000010 1101101
Tue 2011-08-09 17:55:20
*  24515,52442, 62,61,1, (48)
RAW P   1612, 1528, 5590, 4062,    1, 32 [1528-1608/2988-3030/5590-5590]
RAW S   1143, 1130, 5176, 4046,    2, 48 [1130-1213/2626-2662/4157-5176]
RAW PS  2755, 2722,10766, 8044,    3, 16 [2722-2752/4190-4201/5632-5733/10766-10766]
    0: 1612, 1143 [ 2755], 1585, 1143 [ 2728], 1608, 1130 [ 2738], 1580, 1155 [ 2735], 1581, 1160 [ 2741], 1576, 4157 [ 5733], 5590, 5176 [10766], 1580, 1154 [ 2734]
   16: 1561, 1165 [ 2726], 1560, 1182 [ 2742], 1574, 2626 [ 4200], 1561, 1175 [ 2736], 1549, 1187 [ 2736], 1555, 1189 [ 2744], 3000, 2632 [ 5632], 3030, 2633 [ 5663]
   32: 1545, 1188 [ 2733], 3003, 2658 [ 5661], 1535, 1206 [ 2741], 1537, 1190 [ 2727], 2999, 2662 [ 5661], 1538, 1196 [ 2734], 1540, 1182 [ 2722], 1545, 1207 [ 2752]
   48: 1528, 1208 [ 2736], 2993, 2657 [ 5650], 2989, 1201 [ 4190], 1538, 2652 [ 4190], 2988, 1213 [ 4201], 1521, 2670 [ 4191], 2980,    0 [ 2980]
!Rounded  3, 3, 4, 0
    0: 1570, 1170, 1570, 1170, 1570, 1170, 1570, 1170, 1570, 1170, 1570, 4700, 5600, 4700, 1570, 1170
   16: 1570, 1170, 1570, 1170, 1570, 2600, 1570, 1170, 1570, 1170, 1570, 1170, 3000, 2600, 3000, 2600
   32: 1570, 1170, 3000, 2600, 1570, 1170, 1570, 1170, 3000, 2600, 1570, 1170, 1570, 1170, 1570, 1170
   48: 1570, 1170, 3000, 2600, 3000, 1170, 1570, 2600, 3000, 1170, 1521, 2670, 2980,    0
PreAmble Sync  7 52 F8 14 84 2
PreAmble Sync  7 52 11111000 00010100 10000100 00000010 1101101
!    120,49715, 60,59,1, (24)
RAW P   1648, 1522, 5589, 4067,    1, 16 [1522-1629/2963-3005/5589-5589]
RAW S   1112, 1117, 5155, 4038,    2, 24 [1117-1220/2624-2674/4144-5155]
RAW PS  2760, 2720,10744, 8024,    3, 8 [2720-2769/4188-4210/5624-5732/10744-10744]
    0: 1648, 1112 [ 2760], 1586, 1146 [ 2732], 1579, 1158 [ 2737], 1629, 1117 [ 2746], 1588, 4144 [ 5732], 5589, 5155 [10744], 1572, 1179 [ 2751], 1566, 1165 [ 2731]
   16: 1568, 1173 [ 2741], 1568, 2624 [ 4192], 1563, 1174 [ 2737], 1566, 1175 [ 2741], 1568, 1187 [ 2755], 2987, 2647 [ 5634], 2995, 2644 [ 5639], 1566, 1203 [ 2769]
   32: 2963, 2661 [ 5624], 1540, 1213 [ 2753], 1524, 1196 [ 2720], 3003, 2644 [ 5647], 1556, 1205 [ 2761], 1522, 1202 [ 2724], 1537, 1206 [ 2743], 1531, 1207 [ 2738]
   48: 2988, 2645 [ 5633], 3005, 1196 [ 4201], 1536, 2674 [ 4210], 2968, 1220 [ 4188], 1515, 2685 [ 4200], 2968,    0 [ 2968]
!Rounded  3, 3, 4, 0
    0: 1580, 1170, 1580, 1170, 1580, 1170, 1580, 1170, 1580, 4600, 5600, 4600, 1580, 1170, 1580, 1170
   16: 1580, 1170, 1580, 2600, 1580, 1170, 1580, 1170, 1580, 1170, 3000, 2600, 3000, 2600, 1580, 1170
   32: 3000, 2600, 1580, 1170, 1580, 1170, 3000, 2600, 1580, 1170, 1580, 1170, 1580, 1170, 1580, 1170
   48: 3000, 2600, 3000, 1170, 1580, 2600, 3000, 1170, 1515, 2685, 3000,    0
PreAmble Sync  5 52 F8 14 84 2
PreAmble Sync  5 52 11111000 00010100 10000100 00000010 1101101
Tue 2011-08-09 17:55:50
*   7757,57945, 66,65,1, (192)
RAW P   1655, 1517, 5585, 4068,    1, 128 [1517-1639/2970-3012/5585-5585]
RAW S   1117, 1103, 5163, 4060,    2, 192 [1103-1224/2634-2672/4159-5163]
RAW PS  2772, 2711,10748, 8037,    3, 64 [2711-2757/4179-4194/5645-5738/10748-10748]
    0: 1655, 1117 [ 2772], 1581, 1145 [ 2726], 1606, 1125 [ 2731], 1639, 1103 [ 2742], 1600, 1149 [ 2749], 1598, 1135 [ 2733], 1574, 1162 [ 2736], 1579, 4159 [ 5738]
   16: 5585, 5163 [10748], 1578, 1170 [ 2748], 1562, 1181 [ 2743], 1551, 1188 [ 2739], 1553, 2634 [ 4187], 1550, 1190 [ 2740], 1551, 1199 [ 2750], 1540, 1181 [ 2721]
   32: 3011, 2640 [ 5651], 3004, 2655 [ 5659], 1543, 1190 [ 2733], 2993, 2652 [ 5645], 1540, 1214 [ 2754], 1525, 1186 [ 2711], 3012, 2657 [ 5669], 1531, 1201 [ 2732]
   48: 1535, 1203 [ 2738], 1535, 1222 [ 2757], 1518, 1203 [ 2721], 2991, 2672 [ 5663], 2970, 1224 [ 4194], 1517, 2663 [ 4180], 2993, 1186 [ 4179], 1541, 2666 [ 4207]
   64: 2985,    0 [ 2985]
!Rounded  3, 3, 4, 0
    0: 1580, 1160, 1580, 1160, 1580, 1160, 1580, 1160, 1580, 1160, 1580, 1160, 1580, 1160, 1580, 4700
   16: 5600, 4700, 1580, 1160, 1580, 1160, 1580, 1160, 1580, 2700, 1580, 1160, 1580, 1160, 1580, 1160
   32: 3000, 2700, 3000, 2700, 1580, 1160, 3000, 2700, 1580, 1160, 1580, 1160, 3000, 2700, 1580, 1160
   48: 1580, 1160, 1580, 1160, 1580, 1160, 3000, 2700, 3000, 1160, 1580, 2700, 3000, 1160, 1580, 2700
   64: 3000,    0
PreAmble Sync 11 52 F8 14 84 2
PreAmble Sync 11 52 11111000 00010100 10000100 00000010 1101101
Tue 2011-08-09 17:56:19, Input, (192)
Tue 2011-08-09 17:56:20
*  30001,57927, 66,65,1, (192)
RAW P   1656, 1506, 5577, 4071,    1, 128 [1506-1616/2974-3019/5577-5577]
RAW S   1117, 1142, 5179, 4037,    2, 192 [1142-1221/2632-2688/4146-5179]
RAW PS  2773, 2722,10756, 8034,    3, 64 [2722-2748/4187-4202/5644-5737/10756-10756]
    0: 1656, 1117 [ 2773], 1616, 1113 [ 2729], 1585, 1151 [ 2736], 1578, 1161 [ 2739], 1604, 1144 [ 2748], 1595, 1142 [ 2737], 1580, 1154 [ 2734], 1591, 4146 [ 5737]
   16: 5577, 5179 [10756], 1557, 1181 [ 2738], 1560, 1175 [ 2735], 1554, 1175 [ 2729], 1570, 2632 [ 4202], 1560, 1179 [ 2739], 1549, 1190 [ 2739], 1564, 1174 [ 2738]
   32: 3005, 2639 [ 5644], 3019, 2639 [ 5658], 1541, 1198 [ 2739], 3007, 2652 [ 5659], 1532, 1199 [ 2731], 1534, 1188 [ 2722], 3007, 2658 [ 5665], 1526, 1213 [ 2739]
   48: 1519, 1221 [ 2740], 1516, 1206 [ 2722], 1542, 1201 [ 2743], 2979, 2688 [ 5667], 2976, 1217 [ 4193], 1506, 2681 [ 4187], 2974, 1213 [ 4187], 1531, 2659 [ 4190]
   64: 2968,    0 [ 2968]
!Rounded  3, 3, 4, 0
    0: 1560, 1110, 1560, 1110, 1560, 1180, 1560, 1180, 1560, 1180, 1560, 1180, 1560, 1180, 1560, 4700
   16: 5600, 4700, 1560, 1180, 1560, 1180, 1560, 1180, 1560, 2700, 1560, 1180, 1560, 1180, 1560, 1180
   32: 3000, 2700, 3000, 2700, 1560, 1180, 3000, 2700, 1560, 1180, 1560, 1180, 3000, 2700, 1560, 1180
   48: 1560, 1180, 1560, 1180, 1560, 1180, 3000, 2700, 3000, 1180, 1560, 2700, 3000, 1180, 1560, 2700
   64: 2968,    0
PreAmble Sync 11 52 F8 14 84 2
PreAmble Sync 11 52 11111000 00010100 10000100 00000010 1101101
