Enter Rawsignalget; as command to start receiving RF/IR signals

* 17374, 29718, 50, 49, 1, (KAKU C3,Off) RAW P 283, 1031, 4, 0x140404, RAW S 198, 947, 19, 0x6BFBFB, 0x7FFFFF

* = Firsttime code
- 1: 17374 millisecs sinds last *
- 2: 29718 Total signal time
- 3: 50 Count bytes/timins
- 4: 49: Count minus spikes (smaller than 100, last always)
- 5: 1 : Spikes
- 6: (KAKU C3,Off) Nodo Due Eventcode (Recognized signals in AnalyzeRawSignal)
- 7...RAW P 283, 1031, 4, 0x140404,
---- Pulse stats: min/max, Counter_pulse, CodeP, RAW S same for spaces, see RawSignal_2_32bit
 378,  870,  357,  871,  352,  870, 1031,  198,  331,  899,  318,  902,  310,  921,  309,  915,  308,  915,  305,  926,  305,  915, 1003,  225,  300,  929,  295,  926,  301,  927,  295,  934,  287,  935,  294,  935,  283,  937,  985,  242,  287,  940,  984,  239,  286,  947,  276,  948,  272,   0
Timing pulses

! 4, 29709, 50, 49, 1, (0x7FFFFF) RAW P 270, 981, 4, 0x140404, RAW S 244, 956, 19, 0x6BFBFB, 0x7FFFFF

! = Repeated code
- 1: 4: millisecs since first code,
remainder is identical to *





 314,  942,  282,  943,  280,  942,  981,  244,  283,  945,  277,  947,  280,  947,  283,  945,  278,  945,  280,  946,  277,  945,  978,  252,  276,  952,  270,  952,  275,  952,  281,  948,  271,  951,  277,  949,  270,  952,  977,  251,  275,  955,  967,  252,  271,  956,  270,  956,  267,   0
! 5, 29719, 50, 49, 1, (0x7FFFFF) RAW P 263, 978, 4, 0x140404, RAW S 250, 958, 19, 0x6BFBFB, 0x7FFFFF
 316,  948,  277,  948,  275,  946,  978,  250,  278,  952,  270,  952,  276,  951,  272,  948,  282,  948,  275,  952,  271,  953,  972,  255,  275,  952,  269,  954,  274,  955,  263,  958,  272,  956,  272,  954,  267,  955,  972,  256,  270,  955,  964,  261,  270,  958,  263,  959,  270,   0
! 5, 27000, 44, 44, 0, (0x1FFFFF) RAW P 265, 973, 4, 0x140404, RAW S 256, 959, 17, 0xBFBFB, 0x1FFFFF
 314,  952,  276,  947,  275,  949,  973,  256,  269,  954,  272,  954,  275,  953,  268,  956,  272,  954,  275,  945,  277,  953,  971,  258,  265,  956,  270,  958,  270,  956,  265,  955,  274,  956,  269,  952,  269,  959,  970,  257,  263,  960,  967,  261
Direction=Input, Source=RF, Event=(KAKU C3,On)
(KAKU C3,On)
* 9311, 29713, 50, 49, 1, (KAKU C3,On) RAW P 274, 1011, 5, 0x540404, RAW S 218, 947, 18, 0x2BFBFB, 0x7FFFFF
 372,  875,  367,  857,  335,  889, 1011,  218,  325,  898,  314,  914,  309,  916,  312,  913,  314,  915,  301,  921,  303,  924,  999,  227,  288,  936,  296,  930,  295,  928,  296,  934,  291,  935,  286,  934,  291,  936,  987,  242,  281,  941,  981,  248,  274,  947,  978,  251,  278,   0
! 5, 29716, 50, 49, 1, (0x7FFFFF) RAW P 262, 983, 5, 0x540404, RAW S 245, 958, 18, 0x2BFBFB, 0x7FFFFF
 322,  939,  277,  943,  286,  942,  983,  245,  272,  948,  284,  945,  272,  949,  278,  949,  281,  946,  276,  946,  282,  947,  975,  252,  270,  952,  275,  954,  269,  952,  276,  952,  276,  952,  270,  953,  275,  953,  971,  258,  265,  955,  970,  262,  262,  958,  966,  262,  269,   0
! 5, 29711, 50, 49, 1, (0x7FFFFF) RAW P 262, 972, 5, 0x540404, RAW S 249, 961, 18, 0x2BFBFB, 0x7FFFFF
 314,  949,  269,  952,  275,  952,  972,  250,  274,  956,  271,  955,  269,  952,  275,  955,  271,  954,  267,  956,  271,  956,  971,  249,  274,  955,  270,  959,  263,  956,  270,  959,  269,  958,  264,  959,  270,  956,  967,  255,  267,  961,  965,  264,  262,  959,  962,  265,  267,   0
! 5, 26976, 44, 44, 0, (0x1FFFFF) RAW P 259, 967, 4, 0x140404, RAW S 252, 960, 17, 0xBFBFB, 0x1FFFFF
 307,  951,  272,  955,  272,  955,  966,  252,  271,  956,  271,  955,  264,  958,  270,  956,  263,  959,  269,  956,  270,  956,  967,  253,  270,  955,  270,  959,  261,  959,  270,  958,  259,  960,  270,  960,  267,  959,  965,  256,  267,  959,  965,  263
Direction=Input, Source=RF, Event=(KAKU C3,Off)
(KAKU C3,Off)
* 2938, 29720, 50, 49, 1, (KAKU C3,Off) RAW P 280, 1032, 4, 0x140404, RAW S 199, 948, 19, 0x6BFBFB, 0x7FFFFF
 411,  834,  339,  890,  343,  877, 1032,  199,  320,  902,  329,  899,  314,  913,  315,  909,  320,  909,  313,  915,  291,  928, 1003,  227,  296,  926,  297,  930,  299,  929,  288,  935,  296,  929,  296,  934,  289,  934,  984,  243,  280,  947,  980,  243,  283,  948,  270,  952,  280,   0
! 5, 29719, 50, 49, 1, (0x7FFFFF) RAW P 271, 981, 4, 0x140404, RAW S 245, 956, 19, 0x6BFBFB, 0x7FFFFF
 327,  935,  284,  943,  282,  940,  981,  245,  283,  946,  275,  946,  281,  948,  277,  943,  283,  946,  280,  949,  274,  947,  974,  252,  280,  948,  272,  951,  280,  947,  271,  952,  278,  948,  281,  949,  271,  951,  970,  256,  276,  946,  971,  259,  271,  956,  264,  959,  271,   0
! 5, 29717, 50, 49, 1, (0x7FFFFF) RAW P 265, 974, 4, 0x140404, RAW S 253, 960, 19, 0x6BFBFB, 0x7FFFFF
 316,  946,  272,  948,  282,  946,  974,  253,  269,  952,  278,  951,  275,  953,  269,  953,  275,  952,  269,  953,  276,  953,  971,  257,  269,  956,  269,  956,  271,  955,  268,  953,  272,  956,  265,  956,  274,  954,  970,  257,  268,  958,  965,  262,  269,  960,  262,  961,  268,   0
! 5, 27000, 44, 44, 0, (0x1FFFFF) RAW P 262, 972, 4, 0x140404, RAW S 257, 961, 17, 0xBFBFB, 0x1FFFFF
 314,  951,  268,  952,  274,  954,  972,  257,  267,  954,  272,  956,  268,  953,  276,  953,  275,  952,  268,  955,  275,  953,  967,  262,  263,  958,  271,  955,  264,  961,  270,  956,  270,  959,  262,  956,  270,  956,  968,  261,  263,  960,  968,  261
Direction=Input, Source=RF, Event=(0x87BD7F)
(0x87BD7F)
* 10045, 27946, 50, 49, 1, (0x87BD7F) RAW P 1525, 3016, 8, 0xF84280, RAW S 1163, 2666, 23, 0x7FFFFF, 0x87BD7F
 505, 5174, 1569, 1164, 1551, 1177, 1575, 1169, 1610, 2581, 1576, 1168, 1562, 1165, 1582, 1163, 3016, 2638, 1573, 1169, 3011, 1188, 1554, 2632, 1555, 1173, 1560, 1209, 1525, 1200, 3008, 2640, 1537, 1211, 1540, 1186, 1553, 1201, 1538, 1194, 2981, 2653, 3007, 2643, 2993, 2666, 3004, 2634, 2999,   0
! 144, 28008, 50, 49, 1, (0x87BD7F) RAW P 1534, 3025, 8, 0xF84280, RAW S 1148, 2669, 23, 0x7FFFFF, 0x87BD7F
 514, 5170, 1568, 1165, 1604, 1148, 1576, 1158, 1566, 2630, 1568, 1173, 1562, 1186, 1536, 1188, 3025, 2669, 1541, 1167, 3004, 1192, 1549, 2639, 1560, 1186, 1555, 1194, 1570, 1155, 3020, 2611, 1572, 1184, 1554, 1202, 1534, 1187, 1544, 1186, 3025, 2626, 3014, 2649, 3017, 2624, 3013, 2637, 3027,   0
Direction=Input, Source=RF, Event=(0x21EF)
(0x21EF)
* 30037, 58871, 30, 29, 1, (0x21EF) RAW P 1530, 3046, 6, 0x3E10, RAW S 1136, 2657, 13, 0x1FFF, 0x21EF
3094, 1155, 1573, 2618, 1573, 1175, 1595, 1136, 1588, 1155, 3046, 2602, 1559, 1177, 1560, 1192, 1542, 1211, 1530, 1203, 3012, 2636, 2988, 2657, 3004, 2627, 3013, 2646, 3004,   0
! 145, 27964, 50, 49, 1, (0x87BD7F) RAW P 1517, 3029, 8, 0xF84280, RAW S 1154, 2665, 23, 0x7FFFFF, 0x87BD7F
 529, 5152, 1585, 1158, 1561, 1173, 1576, 1154, 1600, 2598, 1574, 1167, 1574, 1164, 1567, 1174, 3029, 2613, 1570, 1175, 3020, 1176, 1554, 2649, 1547, 1188, 1537, 1201, 1542, 1203, 2992, 2651, 1551, 1187, 1534, 1202, 1541, 1209, 1517, 1201, 2997, 2643, 3004, 2665, 2994, 2652, 2999, 2657, 2994,   0
Direction=Input, Source=RF, Event=(0x87BD7F)
(0x87BD7F)
* 29965, 27939, 50, 49, 1, (0x87BD7F) RAW P 1513, 3038, 8, 0xF84280, RAW S 1170, 2655, 23, 0x7FFFFF, 0x87BD7F
 478, 5177, 1573, 1167, 1563, 1186, 1549, 1189, 1556, 2647, 1549, 1189, 1532, 1200, 1538, 1201, 3014, 2621, 1573, 1188, 2987, 1170, 1559, 2646, 1572, 1181, 1543, 1187, 1555, 1171, 3038, 2646, 1513, 1188, 1562, 1182, 1545, 1195, 1538, 1203, 3010, 2639, 2991, 2644, 3005, 2655, 2997, 2658, 3005,   0
! 144, 27972, 50, 49, 1, (0x87BD7F) RAW P 1534, 3023, 8, 0xF84280, RAW S 1146, 2644, 23, 0x7FFFFF, 0x87BD7F
 514, 5176, 1564, 1174, 1554, 1188, 1543, 1184, 1562, 2634, 1560, 1186, 1561, 1171, 1570, 1163, 3023, 2643, 1534, 1200, 3010, 1183, 1555, 2643, 1545, 1187, 1540, 1199, 1563, 1184, 2994, 2632, 1562, 1179, 1568, 1176, 1582, 1146, 1564, 1176, 3018, 2640, 3011, 2644, 3016, 2634, 2998, 2636, 3019,   0
Direction=Input, Source=RF, Event=(NewKAKU 0xE9E8380,Off)
(NewKAKU 0xE9E8380,Off)
* 16866, 58711, 132, 131, 1, (NewKAKU 0xE9E8380,Off) RAW P 183, 265, 0, 0, RAW S 104, 1192, 53, 0x7FFFFFFF, 0x7FFFFFFF
 295, 2488,  253,  113,  229, 1143,  256,  112,  223, 1152,  265,  104,  227, 1148,  246,  120,  229, 1145,  229, 1148,  224,  144,  232, 1143,  215,  153,  231, 1138,  225,  145,  214,  145,  221, 1176,  207, 1161,  225,  148,  224,  136,  217, 1168,  207,  154,  208, 1173,  207, 1162,  200,  174,  198, 1170,  206,  166,  210, 1158,  207,  170,  198, 1173,  208,  160,  195,  164,  202, 1186,  198, 1177,  204,  162,  202,  167,  195, 1177,  204,  164,  196, 1177,  201,  166,  192, 1183,  199,  164,  191, 1187,  198,  169,  183, 1192,  196, 1175,  193,  177,  189, 1182,  193,  187,  193, 1174,  198,  177,  195,  161,  196, 1187,  192,  166,  194, 1190,  194,  163,  193, 1189,  196,  167,  189, 1189,  189,  170,  189, 1190,  188,  170,  192, 1189,  189,  170,  194, 1183,  182,   0
! 5, 30653, 66, 66, 0, (0x956995AA) RAW P 185, 204, 0, 0, RAW S 162, 1201, 16, 0x956995AA, 0x956995AA
 238, 2544,  194,  168,  196, 1179,  204,  162,  199, 1177,  199,  166,  198, 1179,  200,  163,  191, 1187,  196, 1180,  185,  179,  195, 1180,  191,  175,  192, 1184,  186,  179,  195,  172,  185, 1201,  189, 1177,  194,  179,  188,  173,  192, 1187,  192,  169,  193, 1189,  189, 1177,  192,  183,  186, 1179,  194,  181,  186, 1181,  189,  182,  188, 1180,  189,  183,  176,  180,  186, 1211
Direction=Input, Source=RF, Event=(NewKAKU 0xE9E8380,On)
(NewKAKU 0xE9E8380,On)
* 5064, 58723, 132, 131, 1, (NewKAKU 0xE9E8380,On) RAW P 180, 290, 1, 0, RAW S 103, 1194, 52, 0x7FFFFFFF, 0x7FFFFFFF
 326, 2446,  255,  110,  290, 1086,  248,  111,  259, 1126,  255,  103,  234, 1149,  252,  106,  223, 1158,  250, 1119,  236,  139,  230, 1138,  225,  150,  202, 1165,  226,  149,  221,  136,  221, 1175,  206, 1162,  214,  160,  205,  154,  208, 1177,  205,  153,  207, 1171,  215, 1157,  214,  154,  213, 1162,  214,  153,  208, 1168,  201,  172,  210, 1161,  198,  169,  207,  158,  196, 1193,  210, 1167,  195,  170,  207,  157,  196, 1182,  193,  170,  196, 1182,  200,  162,  200, 1181,  201,  156,  196, 1189,  195,  162,  192, 1194,  193, 1176,  193,  179,  194, 1175,  194,  193,  192, 1180,  193,  179,  187,  169,  196, 1192,  185,  170,  202, 1182,  192, 1177,  194,  182,  180,  175,  195, 1183,  187,  177,  189, 1188,  193,  170,  196, 1184,  187,  175,  189, 1181,  188,   0
! 5, 30670, 66, 66, 0, (0x956995AA) RAW P 186, 204, 0, 0, RAW S 155, 1202, 16, 0x956995AA, 0x956995AA
 231, 2550,  198,  164,  193, 1184,  195,  169,  192, 1187,  198,  167,  191, 1186,  204,  155,  200, 1187,  192, 1175,  193,  182,  195, 1174,  189,  183,  192, 1175,  195,  179,  194,  166,  191, 1202,  187, 1182,  195,  177,  191,  168,  194, 1189,  188,  170,  192, 1192,  186, 1182,  191,  177,  198, 1180,  187,  179,  193, 1180,  191,  177,  195, 1180,  196,  170,  196,  168,  185, 1206
Direction=Input, Source=RF, Event=(NewKAKU 0xE9E8380,Off)
(NewKAKU 0xE9E8380,Off)
* 2116, 58732, 132, 129, 3, (NewKAKU 0xE9E8380,Off) RAW P 185, 278, 2, 0, RAW S 84, 1194, 59, 0x7FFFFFFF, 0x7FFFFFFF
 245, 2520,  278,   84,  239, 1139,  278,   84,  236, 1144,  249,  116,  240, 1136,  242,  128,  220, 1156,  265, 1111,  223,  143,  238, 1137,  227,  139,  210, 1160,  261,  112,  237,  123,  218, 1177,  226, 1144,  227,  147,  208,  153,  217, 1163,  213,  148,  202, 1180,  211, 1161,  223,  148,  202, 1168,  208,  166,  207, 1162,  205,  168,  193, 1176,  201,  173,  195,  167,  196, 1189,  210, 1165,  205,  164,  206,  161,  199, 1176,  199,  164,  204, 1176,  201,  163,  195, 1181,  205,  166,  186, 1188,  198,  167,  189, 1188,  198, 1177,  194,  176,  196, 1179,  185,  193,  199, 1170,  196,  177,  189,  168,  195, 1189,  200,  157,  198, 1188,  198,  161,  195, 1188,  186,  173,  192, 1192,  185,  174,  189, 1194,  192,  168,  199, 1186,  189,  168,  191, 1187,  183,   0
! 5, 30683, 66, 66, 0, (0x956995AA) RAW P 176, 202, 0, 0, RAW S 166, 1205, 16, 0x956995AA, 0x956995AA
 236, 2549,  194,  168,  195, 1183,  196,  168,  198, 1179,  199,  166,  198, 1182,  196,  168,  191, 1186,  202, 1174,  192,  177,  195, 1179,  186,  180,  193, 1183,  191,  175,  198,  167,  186, 1205,  188, 1177,  198,  176,  195,  166,  189, 1194,  192,  167,  191, 1193,  191, 1177,  192,  181,  191, 1180,  188,  185,  183, 1184,  191,  187,  176, 1188,  194,  179,  183,  176,  185, 1211
Direction=Input, Source=RF, Event=(0x87BD7F)
(0x87BD7F)
* 5955, 27959, 50, 49, 1, (0x87BD7F) RAW P 1530, 3038, 8, 0xF84280, RAW S 1156, 2671, 23, 0x7FFFFF, 0x87BD7F
 505, 5171, 1561, 1177, 1555, 1181, 1578, 1157, 1583, 2627, 1563, 1156, 1585, 1163, 1548, 1186, 3038, 2617, 1549, 1186, 3022, 1174, 1576, 2617, 1557, 1186, 1549, 1193, 1560, 1177, 2994, 2671, 1538, 1189, 1554, 1193, 1540, 1202, 1530, 1202, 2998, 2647, 2994, 2656, 3005, 2636, 3005, 2644, 3000,   0
! 144, 27961, 50, 49, 1, (0x87BD7F) RAW P 1554, 3043, 8, 0xF84280, RAW S 1157, 2653, 23, 0x7FFFFF, 0x87BD7F
 498, 5184, 1589, 1141, 1588, 1157, 1559, 1181, 1575, 2626, 1568, 1167, 1555, 1168, 1569, 1182, 3017, 2638, 1554, 1163, 3043, 1164, 1562, 2627, 1561, 1173, 1581, 1174, 1557, 1173, 2999, 2632, 1587, 1162, 1562, 1160, 1576, 1184, 1560, 1171, 3019, 2643, 3000, 2643, 3007, 2653, 3003, 2644, 2998,   0
Direction=Input, Source=RF, Event=(0x87BD7F)
(0x87BD7F)
* 30001, 27924, 50, 49, 1, (0x87BD7F) RAW P 1526, 3039, 8, 0xF84280, RAW S 1154, 2665, 23, 0x7FFFFF, 0x87BD7F
 512, 5164, 1575, 1167, 1572, 1154, 1561, 1184, 1574, 2612, 1581, 1164, 1560, 1186, 1560, 1160, 3024, 2628, 1551, 1199, 3039, 1154, 1541, 2663, 1530, 1187, 1576, 1155, 1555, 1190, 3007, 2645, 1545, 1190, 1543, 1211, 1526, 1207, 1536, 1175, 3007, 2665, 2998, 2661, 2973, 2659, 3006, 2634, 2994,   0
! 145, 27968, 50, 49, 1, (0x87BD7F) RAW P 1550, 3041, 8, 0xF84280, RAW S 1148, 2640, 23, 0x7FFFFF, 0x87BD7F
 515, 5184, 1560, 1150, 1574, 1175, 1582, 1148, 1568, 2634, 1556, 1183, 1556, 1189, 1559, 1163, 3018, 2640, 1566, 1179, 3000, 1183, 1566, 2619, 1567, 1179, 1563, 1176, 1550, 1189, 3041, 2607, 1555, 1181, 1560, 1181, 1551, 1189, 1566, 1155, 3018, 2638, 3011, 2638, 3008, 2630, 3022, 2646, 3016,   0
Direction=Input, Source=RF, Event=(0x87BD7F)
(0x87BD7F)
* 30000, 27927, 50, 49, 1, (0x87BD7F) RAW P 1525, 3014, 8, 0xF84280, RAW S 1148, 2670, 23, 0x7FFFFF, 0x87BD7F
 503, 5165, 1575, 1162, 1594, 1148, 1589, 1155, 1550, 2631, 1562, 1167, 1564, 1171, 1589, 1154, 3008, 2670, 1525, 1182, 3014, 1183, 1566, 2614, 1575, 1164, 1569, 1182, 1543, 1182, 3012, 2627, 1557, 1176, 1563, 1194, 1564, 1161, 1554, 1190, 3006, 2661, 2985, 2646, 3008, 2637, 3000, 2646, 3020,   0
! 145, 27967, 50, 49, 1, (0x87BD7F) RAW P 1538, 3023, 8, 0xF84280, RAW S 1155, 2652, 23, 0x7FFFFF, 0x87BD7F
 530, 5152, 1579, 1161, 1572, 1168, 1569, 1174, 1555, 2639, 1559, 1173, 1586, 1155, 1575, 1167, 3005, 2637, 1586, 1160, 2993, 1199, 1544, 2652, 1540, 1184, 1557, 1190, 1564, 1162, 3020, 2649, 1554, 1176, 1545, 1199, 1538, 1199, 1557, 1181, 2989, 2637, 3023, 2642, 3001, 2644, 3017, 2659, 2986,   0
