PreAmble Long 30 202 66 65 9A 95 55 55 65 59 55 55 55 55 96 A9 56 95 55 AA 65 65 A9
PreAmble Long 30 202 


01100110 
01100101 
10011010 
10010101 

01010101 
01010101 

01100101 
01011001 

01010101 
01010101 
01010101 
01010101 

10010110 
10101001 
01010110 
10010101 

01010101 

10101010 
01100101 
01100101 

10101001

PreAmble Long 30 202 66 65 9A 95 55 55 65 59 55 55 55 55 96 A9 56 95 55 AA 65 65 A9
PreAmble Long 30 202 01100110 01100101 10011010 10010101 01010101 01010101 01100101 01011001 01010101 01010101 01010101 01010101 10010110 10101001 01010110 10010101 01010101 10101010 01100101 01100101 10101001
PreAmble Long 30 202 54 B8 00 42 00 00 9E 18 F 44


PreAmble Long 30 202 01010100 10111000 00000000 01000010 00000000 00000000 10011110 00011000 00001111 01000100 1110
PreAmble Long 30 206 66 65 9A 95 55 55 65 59 55 59 95 55 55 55 96 95 55 99 65 65 A9
PreAmble Long 30 206 01100110 01100101 10011010 10010101 01010101 01010101 01100101 01011001 01010101 01011001 10010101 01010101 01010101 01010101 10010110 10010101 01010101 10011001 01100101 01100101 10101001
PreAmble Long 30 206 54 B8 00 42 2 80 00 98 A 44
PreAmble Long 30 206 01010100 10111000 00000000 01000010 00000010 10000000 00000000 10011000 00001010 01000100 1110

3mm regen ? +2


4b80
b408

*  30001,  3177, 76,75,1, (96) RAW P 1623, 1516, 5595, 4079, 1, 64 [1516-1586/2985-3007/5595-5595], RAW S 1157, 1149, 5145, 3996, 2, 96 [1149-1214/2627-2662/4181-5145], RAW PS 2780, 2723, 10740, 8017, 3, 32 [2723-2750/4184-4204/5635-5741/10740-10740]
    0: 1623, 1157 [ 2780], 1568, 1176 [ 2744], 1555, 1179 [ 2734], 1579, 1158 [ 2737], 1578, 1160 [ 2738], 1560, 1177 [ 2737], 1581, 1149 [ 2730], 1575, 1171 [ 2746]
   16: 1585, 1154 [ 2739], 1575, 1165 [ 2740], 1554, 1171 [ 2725], 1560, 4181 [ 5741], 5595, 5145 [10740], 1586, 1163 [ 2749], 1555, 1181 [ 2736], 1576, 1158 [ 2734]
   32: 1560, 2632 [ 4192], 1550, 1186 [ 2736], 1557, 1176 [ 2733], 1569, 1180 [ 2749], 2997, 2643 [ 5640], 3007, 2643 [ 5650], 3007, 1182 [ 4189], 1557, 2627 [ 4184]
   48: 1554, 1196 [ 2750], 1553, 1181 [ 2734], 3003, 2647 [ 5650], 1542, 1196 [ 2738], 1548, 1186 [ 2734], 1531, 1214 [ 2745], 1540, 1199 [ 2739], 2985, 2650 [ 5635]
   64: 3005, 1199 [ 4204], 1538, 2662 [ 4200], 1516, 1207 [ 2723], 1531, 1200 [ 2731], 2994, 1202 [ 4196], 1547,    0 [ 1547]
!Rounded  3, 3, 4, 0
    0: 1620, 1180, 1550, 1180, 1550, 1180, 1550, 1180, 1550, 1180, 1550, 1180, 1550, 1180, 1550, 1180
   16: 1550, 1180, 1550, 1180, 1550, 1180, 1550, 4700, 5600, 4700, 1550, 1180, 1550, 1180, 1550, 1180
   32: 1550, 2600, 1550, 1180, 1550, 1180, 1550, 1180, 3000, 2600, 3000, 2600, 3000, 1180, 1550, 2600
   48: 1550, 1180, 1550, 1180, 3000, 2600, 1550, 1180, 1550, 1180, 1550, 1180, 1550, 1180, 3000, 2600
   64: 3000, 1180, 1550, 2600, 1550, 1180, 1550, 1180, 3000, 1180, 1550,    0
!     98,  3151, 76,75,1, (96) RAW P 1569, 1523, 5549, 4026, 1, 64 [1523-1564/2988-3017/5549-5549], RAW S 1200, 1167, 5186, 4019, 2, 96 [1167-1209/2643-2656/4183-5186], RAW PS 2769, 2718, 10735, 8017, 3, 32 [2718-2751/4178-4198/5648-5740/10735-10735]
    0: 1569, 1200 [ 2769], 1541, 1189 [ 2730], 1562, 1167 [ 2729], 1559, 1181 [ 2740], 1544, 1195 [ 2739], 1547, 1195 [ 2742], 1547, 1192 [ 2739], 1564, 1173 [ 2737]
   16: 1540, 1190 [ 2730], 1549, 1189 [ 2738], 1550, 1192 [ 2742], 1557, 4183 [ 5740], 5549, 5186 [10735], 1564, 1179 [ 2743], 1560, 1177 [ 2737], 1557, 1187 [ 2744]
   32: 1545, 2643 [ 4188], 1548, 1186 [ 2734], 1556, 1189 [ 2745], 1551, 1177 [ 2728], 3005, 2652 [ 5657], 2995, 2653 [ 5648], 2995, 1183 [ 4178], 1554, 2644 [ 4198]
   48: 1545, 1192 [ 2737], 1555, 1195 [ 2750], 3004, 2649 [ 5653], 1523, 1195 [ 2718], 1542, 1209 [ 2751], 1530, 1195 [ 2725], 1545, 1186 [ 2731], 3017, 2650 [ 5667]
   64: 2988, 1206 [ 4194], 1524, 2656 [ 4180], 1537, 1202 [ 2739], 1541, 1193 [ 2734], 3001, 1189 [ 4190], 1544,    0 [ 1544]
!Rounded  3, 3, 4, 0
P  [1523-1564/2988-3017/5549-5549]
S  [1167-1209/2643-2656/4183-5186]
PS [2718-2751/4178-4198/5648-5740/10735-10735]
    0: 1570, 1190, 1540, 1190, 1540, 1190, 1540, 1190, 1540, 1190, 1540, 1190, 1540, 1190, 1540, 1190
   16: 1540, 1190, 1540, 1190, 1540, 1190, 1540, 4700, 5500, 4700, 1540, 1190, 1540, 1190, 1540, 1190
   32: 1540, 2600, 1540, 1190, 1540, 1190, 1540, 1190, 3000, 2600, 3000, 2600, 3000, 1190, 1540, 2600
   48: 1540, 1190, 1540, 1190, 3000, 2600, 1540, 1190, 1540, 1190, 1540, 1190, 1540, 1190, 3000, 2600
   64: 3000, 1190, 1540, 2600, 1540, 1190, 1540, 1190, 3000, 1190, 1540,    0

Oregon V1?
    0: -_-_-_-_-_-_-_-_
   16: -_-_-_-sSs-_-_-_
   32: -__-_-_-_--__--__--_-__
   48: -_-_--__-_-_-_-_--__
   64: --_-__-_-_--_-

30 seconden

Sun 2011-08-07 09:00:42
*  25874,  2416, 84,82,2, (6) RAW P 1528, 1498, 5576, 4078, 1, 4 [1498-1619/2979-2997/5576-5576], RAW S 1202, 1156, 5183, 4027, 2, 6 [1156-1239/2555-2689/4173-5183], RAW PS 2730, 2692, 10759, 8067, 3, 2 [2692-2783/4172-4221/5653-5742/10759-10759]
    0: 1528, 1202 [ 2730], 1532, 1181 [ 2713], 1553, 1203 [ 2756], 1555, 1169 [ 2724], 1549, 1234 [ 2783], 1509, 1183 [ 2692], 1554, 1192 [ 2746], 1567, 1156 [ 2723]
   16: 1551, 1184 [ 2735], 1557, 1175 [ 2732], 1543, 1194 [ 2737], 1569, 4173 [ 5742], 5576, 5183 [10759], 1541, 1193 [ 2734], 1547, 1208 [ 2755], 1537, 1192 [ 2729]
   32: 1619, 2555 [ 4174], 1547, 1214 [ 2761], 1535, 1174 [ 2709], 1567, 1173 [ 2740], 1574, 1182 [ 2756], 1544, 1211 [ 2755], 1523, 1180 [ 2703], 1554, 1182 [ 2736]
   48: 2997, 1192 [ 4189], 1564, 2650 [ 4214], 1545, 1189 [ 2734], 1540, 1190 [ 2730], 2984, 2669 [ 5653], 1535, 1203 [ 2738], 1543, 1211 [ 2754], 1522, 1198 [ 2720]
   64: 1534, 1231 [ 2765], 2979, 1193 [ 4172], 1529, 2689 [ 4218], 1498, 1239 [ 2737], 1510, 1209 [ 2719], 1523, 1224 [ 2747], 1511, 1222 [ 2733], 2982, 1239 [ 4221]
   80:  689,    1 [  690],  630,    0 [  630]
!Rounded  3, 3, 4, 0
    0: 1560, 1200, 1560, 1200, 1560, 1200, 1560, 1200, 1560, 1200, 1560, 1200, 1560, 1200, 1560, 1200
   16: 1560, 1200, 1560, 1200, 1560, 1200, 1560, 4700, 5600, 4700, 1560, 1200, 1560, 1200, 1560, 1200
   32: 1560, 2600, 1560, 1200, 1560, 1200, 1560, 1200, 1560, 1200, 1560, 1200, 1560, 1200, 1560, 1200
   48: 3000, 1200, 1560, 2600, 1560, 1200, 1560, 1200, 3000, 2600, 1560, 1200, 1560, 1200, 1560, 1200
   64: 1560, 1200, 3000, 1200, 1560, 2600, 1560, 1200, 1560, 1200, 1560, 1200, 1560, 1200, 3000, 1200
   80:  689,    1,  630,    0

    0: -_-_-_-_-_-_-_-_
   16: -_-_-_-sSs-_-_-_
   32: -__-_-_-_-_-_-_-_
   48: --_-__-_-_--__-_-_-_
   64: -_--_-__-_-_-_-_--_
   80:  689,    1,  630,    0


    0: 1560, 1200, 1560, 1200, 1560, 1200, 1560, 1200, 1560, 1200, 1560, 1200, 1560, 1200, 1560, 1200
   16: 1560, 1200, 1560, 1200, 1560, 1200, 1560, 4700, 5600, 4700, 1560, 1200, 1560, 1200, 1560, 1200
   32: 1560, 2600, 1560, 1200, 1560, 1200, 1560, 1200, 1560, 1200, 1560, 1200, 1560, 1200, 1560, 1200
   48: 3000, 1200, 1560, 2600, 1560, 1200, 1560, 1200, 3000, 2600, 1560, 1200, 1560, 1200, 1560, 1200
   64: 1560, 1200, 3000, 1200, 1560, 2600, 1560, 1200, 1560, 1200, 1560, 1200, 1560, 1200, 3000, 1200
   80:  689,    1,  630,    0

*  27884,  2266, 86,82,4, (0xC06021) RAW P 1575, 343, 5563, 5220, 4, 0x422002 [343-343/998-998/1487-1579/2923-3003/5563-5563], RAW S 1213, 20, 5195, 5175, 6, 0x824023 [20-20/1150-1266/2656-2671/4194-5195], RAW PS 2788, 363, 10758, 10395, 10, 0xC06021 [363-363/2264-2264/2701-2763/4132-4218/5640-5729/10758-10758]
    0: 1575, 1213 [ 2788], 1528, 1200 [ 2728], 1548, 1215 [ 2763], 1502, 1219 [ 2721], 1535, 1194 [ 2729], 1534, 1201 [ 2735], 1555, 1165 [ 2720], 1567, 1165 [ 2732]
   16: 1578, 1150 [ 2728], 1567, 1190 [ 2757], 1538, 1201 [ 2739], 1535, 4194 [ 5729], 5563, 5195 [10758], 1538, 1181 [ 2719], 1563, 1169 [ 2732], 1579, 1174 [ 2753]
   32: 1550, 2656 [ 4206], 1522, 1187 [ 2709], 1563, 1175 [ 2738], 1566, 1196 [ 2762], 1522, 1239 [ 2761], 1487, 1214 [ 2701], 1522, 1238 [ 2760], 1502, 1206 [ 2708]
   48: 3003, 1202 [ 4205], 1505, 2663 [ 4168], 1578, 1173 [ 2751], 1542, 1205 [ 2747], 2969, 2671 [ 5640], 1534, 1213 [ 2747], 1525, 1234 [ 2759], 1502, 1205 [ 2707]
   64: 1516, 1211 [ 2727], 2997, 1221 [ 4218], 1506, 2659 [ 4165], 1532, 1212 [ 2744], 1516, 1201 [ 2717], 1560, 1200 [ 2760],  343,   20 [  363],  998, 1266 [ 2264]
   80: 2923, 1209 [ 4132], 1249,    1 [ 1250],   98,    0 [   98]
!Rounded  5, 4, 6, 0
    0: 1530, 1210, 1530, 1210, 1530, 1210, 1530, 1210, 1530, 1210, 1530, 1210, 1530, 1210, 1530, 1210
   16: 1530, 1210, 1530, 1210, 1530, 1210, 1530, 4700, 5600, 4700, 1530, 1210, 1530, 1210, 1530, 1210
   32: 1530, 2700, 1530, 1210, 1530, 1210, 1530, 1210, 1530, 1210, 1530, 1210, 1530, 1210, 1530, 1210
   48: 3000, 1210, 1530, 2700, 1530, 1210, 1530, 1210, 3000, 2700, 1530, 1210, 1530, 1210, 1530, 1210
   64: 1530, 1210, 3000, 1210, 1530, 2700, 1530, 1210, 1530, 1210, 1530, 1210,  340,   20, 1000, 1210
   80: 3000, 1210, 1249,    1,   98,    0

************************************************************
Nodo-Due Domotica controller (c) Copyright 2011 P.K.Tonkes.
Licensed under GNU General Public License.
Version=1.2.0, ThisUnit=128
TimeStamp=Sat 2011-08-06 10:22:01, DaylightSaving
rawsignalget; on
************************************************************
Sat 2011-08-06 10:22:01, Internal, (0x90510000)
Sat 2011-08-06 10:22:06, Input, (96)
Sat 2011-08-06 10:22:09
*   7058,  3155, 76,75,1, (96) RAW P 1606, 1518, 5575, 4057, 1, 64 [1518-1587/2997-3027/5575-5575], RAW S 1154, 1138, 5176, 4038, 2, 96 [1138-1215/2626-2653/4171-5176], RAW PS 2760, 2724, 10751, 8027, 3, 32 [2724-2754/4171-4213/5640-5734/10751-10751]
    0: 1606, 1154 [ 2760], 1573, 1160 [ 2733], 1567, 1176 [ 2743], 1561, 1179 [ 2740], 1556, 1188 [ 2744], 1545, 1187 [ 2732], 1556, 1170 [ 2726], 1586, 1160 [ 2746]
   16: 1587, 1138 [ 2725], 1578, 1176 [ 2754], 1548, 1176 [ 2724], 1563, 4171 [ 5734], 5575, 5176 [10751], 1566, 1174 [ 2740], 1566, 1177 [ 2743], 1559, 1171 [ 2730]
   32: 1553, 2639 [ 4192], 1572, 1173 [ 2745], 1551, 1186 [ 2737], 1547, 1184 [ 2731], 3027, 2626 [ 5653], 3012, 2640 [ 5652], 3004, 1194 [ 4198], 1547, 2647 [ 4194]
   48: 1534, 1196 [ 2730], 1540, 1200 [ 2740], 3000, 2640 [ 5640], 1548, 1184 [ 2732], 1559, 1192 [ 2751], 1548, 1181 [ 2729], 1547, 1196 [ 2743], 2997, 2646 [ 5643]
   64: 2998, 1215 [ 4213], 1518, 2653 [ 4171], 1545, 1193 [ 2738], 1553, 1199 [ 2752], 2984, 1211 [ 4195], 1523,    0 [ 1523]
!Rounded  3, 3, 4, 0
    0: 1610, 1180, 1550, 1180, 1550, 1180, 1550, 1180, 1550, 1180, 1550, 1180, 1550, 1180, 1550, 1180
   16: 1550, 1180, 1550, 1180, 1550, 1180, 1550, 4700, 5600, 4700, 1550, 1180, 1550, 1180, 1550, 1180
   32: 1550, 2600, 1550, 1180, 1550, 1180, 1550, 1180, 3000, 2600, 3000, 2600, 3000, 1180, 1550, 2600
   48: 1550, 1180, 1550, 1180, 3000, 2600, 1550, 1180, 1550, 1180, 1550, 1180, 1550, 1180, 3000, 2600
   64: 3000, 1180, 1550, 2600, 1550, 1180, 1550, 1180, 2984, 1180, 1550,    0
!     99,  3143, 76,75,1, (96) RAW P 1566, 1486, 5568, 4082, 1, 64 [1486-1567/2969-3001/5568-5568], RAW S 1200, 1164, 5193, 4029, 2, 96 [1164-1236/2638-2683/4183-5193], RAW PS 2766, 2720, 10761, 8041, 3, 32 [2720-2757/4157-4209/5647-5736/10761-10761]
    0: 1566, 1200 [ 2766], 1534, 1205 [ 2739], 1542, 1189 [ 2731], 1551, 1182 [ 2733], 1557, 1195 [ 2752], 1537, 1183 [ 2720], 1551, 1193 [ 2744], 1538, 1205 [ 2743]
   16: 1538, 1187 [ 2725], 1555, 1190 [ 2745], 1545, 1180 [ 2725], 1553, 4183 [ 5736], 5568, 5193 [10761], 1555, 1179 [ 2734], 1567, 1164 [ 2731], 1564, 1193 [ 2757]
   32: 1540, 2638 [ 4178], 1542, 1199 [ 2741], 1540, 1195 [ 2735], 1548, 1190 [ 2738], 2995, 2652 [ 5647], 3001, 2661 [ 5662], 2999, 1186 [ 4185], 1535, 2650 [ 4185]
   48: 1544, 1202 [ 2746], 1541, 1196 [ 2737], 2987, 2665 [ 5652], 1530, 1198 [ 2728], 1537, 1205 [ 2742], 1529, 1214 [ 2743], 1532, 1215 [ 2747], 2969, 2683 [ 5652]
   64: 2973, 1236 [ 4209], 1486, 2671 [ 4157], 1529, 1215 [ 2744], 1519, 1212 [ 2731], 2981, 1203 [ 4184], 1530,    0 [ 1530]
!Rounded  3, 3, 4, 0
    0: 1530, 1200, 1530, 1200, 1530, 1200, 1530, 1200, 1530, 1200, 1530, 1200, 1530, 1200, 1530, 1200
   16: 1530, 1200, 1530, 1200, 1530, 1200, 1530, 4700, 5600, 4700, 1530, 1200, 1530, 1200, 1530, 1200
   32: 1530, 2700, 1530, 1200, 1530, 1200, 1530, 1200, 3000, 2700, 3000, 2700, 3000, 1200, 1530, 2700
   48: 1530, 1200, 1530, 1200, 3000, 2700, 1530, 1200, 1530, 1200, 1530, 1200, 1530, 1200, 3000, 2700
   64: 3000, 1200, 1530, 2700, 1530, 1200, 1530, 1200, 3000, 1200, 1530,    0
Sat 2011-08-06 10:22:36, Input, (96)
Sat 2011-08-06 10:22:39
*  30001,  3155, 76,75,1, (96) RAW P 1606, 1510, 5588, 4078, 1, 64 [1510-1585/2980-3018/5588-5588], RAW S 1167, 1157, 5166, 4009, 2, 96 [1157-1228/2632-2659/4182-5166], RAW PS 2773, 2708, 10754, 8046, 3, 32 [2708-2760/4187-4201/5644-5732/10754-10754]
    0: 1606, 1167 [ 2773], 1547, 1177 [ 2724], 1564, 1180 [ 2744], 1545, 1192 [ 2737], 1547, 1174 [ 2721], 1585, 1170 [ 2755], 1574, 1160 [ 2734], 1563, 1175 [ 2738]
   16: 1569, 1170 [ 2739], 1548, 1187 [ 2735], 1551, 1192 [ 2743], 1550, 4182 [ 5732], 5588, 5166 [10754], 1547, 1187 [ 2734], 1567, 1163 [ 2730], 1578, 1157 [ 2735]
   32: 1544, 2657 [ 4201], 1554, 1181 [ 2735], 1542, 1203 [ 2745], 1543, 1183 [ 2726], 3012, 2632 [ 5644], 3018, 2640 [ 5658], 3014, 1181 [ 4195], 1543, 2647 [ 4190]
   48: 1548, 1201 [ 2749], 1535, 1199 [ 2734], 3004, 2642 [ 5646], 1550, 1194 [ 2744], 1525, 1211 [ 2736], 1526, 1208 [ 2734], 1528, 1205 [ 2733], 2998, 2657 [ 5655]
   64: 2980, 1215 [ 4195], 1528, 2659 [ 4187], 1532, 1228 [ 2760], 1510, 1198 [ 2708], 2999, 1203 [ 4202], 1522,    0 [ 1522]
!Rounded  3, 3, 4, 0
    0: 1610, 1190, 1550, 1190, 1550, 1190, 1550, 1190, 1550, 1190, 1550, 1190, 1550, 1190, 1550, 1190
   16: 1550, 1190, 1550, 1190, 1550, 1190, 1550, 4700, 5600, 4700, 1550, 1190, 1550, 1190, 1550, 1190
   32: 1550, 2600, 1550, 1190, 1550, 1190, 1550, 1190, 3000, 2600, 3000, 2600, 3000, 1190, 1550, 2600
   48: 1550, 1190, 1550, 1190, 3000, 2600, 1550, 1190, 1550, 1190, 1550, 1190, 1550, 1190, 3000, 2600
   64: 3000, 1190, 1550, 2600, 1550, 1190, 1550, 1190, 3000, 1190, 1550,    0
!     99,  3139, 76,75,1, (96) RAW P 1580, 1529, 5564, 4035, 1, 64 [1529-1586/2992-3012/5564-5564], RAW S 1196, 1158, 5188, 4030, 2, 96 [1158-1208/2624-2652/4188-5188], RAW PS 2776, 2723, 10752, 8029, 3, 32 [2723-2755/4185-4201/5634-5728/10752-10752]
    0: 1580, 1196 [ 2776], 1549, 1186 [ 2735], 1564, 1171 [ 2735], 1550, 1173 [ 2723], 1560, 1195 [ 2755], 1530, 1206 [ 2736], 1540, 1186 [ 2726], 1550, 1189 [ 2739]
   16: 1551, 1180 [ 2731], 1553, 1189 [ 2742], 1553, 1187 [ 2740], 1540, 4188 [ 5728], 5564, 5188 [10752], 1555, 1179 [ 2734], 1562, 1179 [ 2741], 1544, 1187 [ 2731]
   32: 1572, 2624 [ 4196], 1566, 1175 [ 2741], 1550, 1179 [ 2729], 1559, 1181 [ 2740], 3010, 2640 [ 5650], 2999, 2650 [ 5649], 3012, 1189 [ 4201], 1536, 2652 [ 4188]
   48: 1548, 1190 [ 2738], 1529, 1208 [ 2737], 2997, 2637 [ 5634], 1560, 1170 [ 2730], 1586, 1158 [ 2744], 1548, 1194 [ 2742], 1550, 1184 [ 2734], 3001, 2652 [ 5653]
   64: 2992, 1202 [ 4194], 1536, 2649 [ 4185], 1545, 1202 [ 2747], 1540, 1207 [ 2747], 2978, 1230 [ 4208], 1500,    0 [ 1500]
!Rounded  3, 3, 4, 0
    0: 1560, 1180, 1560, 1180, 1560, 1180, 1560, 1180, 1560, 1180, 1560, 1180, 1560, 1180, 1560, 1180
   16: 1560, 1180, 1560, 1180, 1560, 1180, 1560, 4700, 5600, 4700, 1560, 1180, 1560, 1180, 1560, 1180
   32: 1560, 2600, 1560, 1180, 1560, 1180, 1560, 1180, 3000, 2600, 3000, 2600, 3000, 1180, 1560, 2600
   48: 1560, 1180, 1560, 1180, 3000, 2600, 1560, 1180, 1560, 1180, 1560, 1180, 1560, 1180, 3000, 2600
   64: 3000, 1180, 1560, 2600, 1560, 1180, 1560, 1180, 2978, 1230, 1500,    0
Sat 2011-08-06 10:22:41, Input, (0x618CD80C)
Sat 2011-08-06 10:22:43
*   4009,43414,236,234,2, (0x618CD80C) RAW P 675, 328, 937, 609, 83, 0x3AB54BF6 [328-396/809-937], RAW S 832, 362, 966, 604, 83, 0x5B3993FA [362-427/834-966], RAW PS 1507, 755, 1800, 1045, 166, 0x618CD80C [755-786/1275-1317/1739-1800]
    0:  675,  832 [ 1507],  907,  847 [ 1754],  926,  857 [ 1783],  902,  852 [ 1754],  920,  865 [ 1785],  890,  863 [ 1753],  884,  865 [ 1749],  920,  871 [ 1791]
   16:  886,  867 [ 1753],  914,  871 [ 1785],  878,  873 [ 1751],  909,  872 [ 1781],  883,  871 [ 1754],  905,  877 [ 1782],  878,  875 [ 1753],  876,  877 [ 1753]
   32:  889,  419 [ 1308],  377,  903 [ 1280],  396,  389 [  785],  913,  391 [ 1304],  356,  941 [ 1297],  357,  400 [  757],  909,  392 [ 1301],  382,  903 [ 1285]
   48:  386,  369 [  755],  937,  362 [ 1299],  381,  916 [ 1297],  859,  904 [ 1763],  396,  371 [  767],  932,  371 [ 1303],  375,  916 [ 1291],  386,  400 [  786]
   64:  905,  834 [ 1739],  936,  858 [ 1794],  914,  364 [ 1278],  378,  920 [ 1298],  851,  943 [ 1794],  819,  922 [ 1741],  857,  915 [ 1772],  850,  914 [ 1764]
   80:  848,  914 [ 1762],  847,  916 [ 1763],  858,  916 [ 1774],  848,  914 [ 1762],  850,  914 [ 1764],  853,  947 [ 1800],  825,  920 [ 1745],  371,  407 [  778]
   96:  899,  405 [ 1304],  339,  958 [ 1297],  814,  927 [ 1741],  857,  914 [ 1771],  846,  916 [ 1762],  382,  402 [  784],  898,  379 [ 1277],  362,  928 [ 1290]
  112:  858,  915 [ 1773],  846,  920 [ 1766],  850,  918 [ 1768],  841,  949 [ 1790],  822,  921 [ 1743],  844,  916 [ 1760],  373,  411 [  784],  896,  405 [ 1301]
  128:  370,  922 [ 1292],  354,  409 [  763],  890,  424 [ 1314],  329,  959 [ 1288],  813,  929 [ 1742],  845,  922 [ 1767],  848,  920 [ 1768],  850,  920 [ 1770]
  144:  842,  921 [ 1763],  841,  952 [ 1793],  822,  922 [ 1744],  839,  921 [ 1760],  842,  952 [ 1794],  810,  930 [ 1740],  853,  926 [ 1779],  838,  920 [ 1758]
  160:  841,  921 [ 1762],  842,  927 [ 1769],  382,  382 [  764],  921,  379 [ 1300],  364,  932 [ 1296],  841,  918 [ 1759],  371,  414 [  785],  895,  878 [ 1773]
  176:  891,  384 [ 1275],  358,  935 [ 1293],  839,  953 [ 1792],  812,  930 [ 1742],  851,  923 [ 1774],  839,  921 [ 1760],  848,  923 [ 1771],  839,  922 [ 1761]
  192:  388,  375 [  763],  922,  381 [ 1303],  362,  937 [ 1299],  364,  415 [  779],  890,  413 [ 1303],  332,  964 [ 1296],  819,  924 [ 1743],  373,  405 [  778]
  208:  894,  414 [ 1308],  328,  966 [ 1294],  809,  935 [ 1744],  847,  918 [ 1765],  377,  382 [  759],  923,  378 [ 1301],  365,  932 [ 1297],  841,  924 [ 1765]
  224:  375,  385 [  760],  921,  867 [ 1788],  885,  873 [ 1758],  890,  427 [ 1317],  326,  936 [ 1262],   88,    0 [   88]
!Rounded  2, 2, 3, 2
    0:  680,  890,  890,  890,  890,  890,  890,  890,  890,  890,  890,  890,  890,  890,  890,  890
   16:  890,  890,  890,  890,  890,  890,  890,  890,  890,  890,  890,  890,  890,  890,  890,  890
   32:  890,  380,  380,  890,  380,  380,  890,  380,  380,  890,  380,  380,  890,  380,  380,  890
   48:  380,  380,  890,  380,  380,  890,  890,  890,  380,  380,  890,  380,  380,  890,  380,  380
   64:  890,  890,  890,  890,  890,  380,  380,  890,  890,  890,  890,  890,  890,  890,  890,  890
   80:  890,  890,  890,  890,  890,  890,  890,  890,  890,  890,  890,  890,  890,  890,  380,  380
   96:  890,  380,  380,  890,  890,  890,  890,  890,  890,  890,  380,  380,  890,  380,  380,  890
  112:  890,  890,  890,  890,  890,  890,  890,  890,  890,  890,  890,  890,  380,  380,  890,  380
  128:  380,  890,  380,  380,  890,  380,  380,  890,  890,  890,  890,  890,  890,  890,  890,  890
  144:  890,  890,  890,  890,  890,  890,  890,  890,  890,  890,  890,  890,  890,  890,  890,  890
  160:  890,  890,  890,  890,  380,  380,  890,  380,  380,  890,  890,  890,  380,  380,  890,  890
  176:  890,  380,  380,  890,  890,  890,  890,  890,  890,  890,  890,  890,  890,  890,  890,  890
  192:  380,  380,  890,  380,  380,  890,  380,  380,  890,  380,  380,  890,  890,  890,  380,  380
  208:  890,  380,  380,  890,  890,  890,  890,  890,  380,  380,  890,  380,  380,  890,  890,  890
  224:  380,  380,  890,  890,  890,  890,  890,  380,  326,  890,   88,    0
Sat 2011-08-06 10:23:06, Input, (96)
Sat 2011-08-06 10:23:09
*  25991,  3182, 76,75,1, (96) RAW P 1581, 1518, 5590, 4072, 1, 64 [1518-1575/2998-3018/5590-5590], RAW S 1181, 1162, 5174, 4012, 2, 96 [1162-1222/2634-2668/4167-5174], RAW PS 2762, 2700, 10764, 8064, 3, 32 [2700-2766/4180-4207/5636-5737/10764-10764]
    0: 1581, 1181 [ 2762], 1563, 1167 [ 2730], 1569, 1180 [ 2749], 1567, 1168 [ 2735], 1553, 1175 [ 2728], 1572, 1169 [ 2741], 1570, 1187 [ 2757], 1538, 1192 [ 2730]
   16: 1557, 1176 [ 2733], 1573, 1162 [ 2735], 1560, 1176 [ 2736], 1570, 4167 [ 5737], 5590, 5174 [10764], 1542, 1188 [ 2730], 1556, 1171 [ 2727], 1575, 1168 [ 2743]
   32: 1567, 2634 [ 4201], 1544, 1196 [ 2740], 1536, 1205 [ 2741], 1540, 1195 [ 2735], 3018, 2637 [ 5655], 3000, 2636 [ 5636], 3017, 1190 [ 4207], 1534, 2646 [ 4180]
   48: 1548, 1209 [ 2757], 1548, 1181 [ 2729], 2998, 2668 [ 5666], 1525, 1194 [ 2719], 1544, 1222 [ 2766], 1518, 1182 [ 2700], 1559, 1193 [ 2752], 3003, 2645 [ 5648]
   64: 3014, 1186 [ 4200], 1524, 2664 [ 4188], 1523, 1222 [ 2745], 1525, 1212 [ 2737], 2989, 1195 [ 4184], 1531,    0 [ 1531]
!Rounded  3, 3, 4, 0
    0: 1580, 1190, 1550, 1190, 1550, 1190, 1550, 1190, 1550, 1190, 1550, 1190, 1550, 1190, 1550, 1190
   16: 1550, 1190, 1550, 1190, 1550, 1190, 1550, 4700, 5600, 4700, 1550, 1190, 1550, 1190, 1550, 1190
   32: 1550, 2700, 1550, 1190, 1550, 1190, 1550, 1190, 3000, 2700, 3000, 2700, 3000, 1190, 1550, 2700
   48: 1550, 1190, 1550, 1190, 3000, 2700, 1550, 1190, 1550, 1190, 1550, 1190, 1550, 1190, 3000, 2700
   64: 3000, 1190, 1550, 2700, 1550, 1190, 1550, 1190, 2989, 1190, 1550,    0
!     99,  3155, 76,75,1, (96) RAW P 1572, 1524, 5546, 4022, 1, 64 [1524-1567/2970-3003/5546-5546], RAW S 1193, 1173, 5193, 4020, 2, 96 [1173-1217/2639-2669/4198-5193], RAW PS 2765, 2720, 10739, 8019, 3, 32 [2720-2749/4182-4203/5640-5735/10739-10739]
    0: 1572, 1193 [ 2765], 1551, 1190 [ 2741], 1535, 1192 [ 2727], 1553, 1196 [ 2749], 1538, 1192 [ 2730], 1564, 1175 [ 2739], 1541, 1186 [ 2727], 1550, 1187 [ 2737]
   16: 1555, 1193 [ 2748], 1548, 1186 [ 2734], 1555, 1188 [ 2743], 1537, 4198 [ 5735], 5546, 5193 [10739], 1567, 1173 [ 2740], 1561, 1174 [ 2735], 1551, 1198 [ 2749]
   32: 1538, 2652 [ 4190], 1530, 1209 [ 2739], 1542, 1193 [ 2735], 1540, 1200 [ 2740], 2985, 2659 [ 5644], 3001, 2639 [ 5640], 3003, 1200 [ 4203], 1540, 2659 [ 4199]
   48: 1531, 1189 [ 2720], 1566, 1182 [ 2748], 2997, 2661 [ 5658], 1541, 1184 [ 2725], 1540, 1203 [ 2743], 1555, 1190 [ 2745], 1531, 1205 [ 2736], 2986, 2669 [ 5655]
   64: 2970, 1212 [ 4182], 1535, 2662 [ 4197], 1524, 1205 [ 2729], 1528, 1217 [ 2745], 2982, 1224 [ 4206], 1510,    0 [ 1510]
!Rounded  3, 3, 4, 0
    0: 1570, 1200, 1550, 1200, 1550, 1200, 1550, 1200, 1550, 1200, 1550, 1200, 1550, 1200, 1550, 1200
   16: 1550, 1200, 1550, 1200, 1550, 1200, 1550, 4700, 5500, 4700, 1550, 1200, 1550, 1200, 1550, 1200
   32: 1550, 2700, 1550, 1200, 1550, 1200, 1550, 1200, 3000, 2700, 3000, 2700, 3000, 1200, 1550, 2700
   48: 1550, 1200, 1550, 1200, 3000, 2700, 1550, 1200, 1550, 1200, 1550, 1200, 1550, 1200, 3000, 2700
   64: 3000, 1200, 1550, 2700, 1550, 1200, 1550, 1200, 3000, 1224, 1510,    0
Sat 2011-08-06 10:23:26, Input, (0x618CD80C)
Sat 2011-08-06 10:23:30
*  21011,43887,236,234,2, (0x618CD80C) RAW P 1118, 333, 922, 589, 83, 0x3AB54BF6 [333-401/825-922], RAW S 826, 362, 930, 568, 83, 0x5B3993FA [362-424/847-930], RAW PS 1944, 753, 1793, 1040, 166, 0x618CD80C [753-790/1261-1322/1744-1793]
    0: 1118,  826 [ 1944],  942,  847 [ 1789],  897,  854 [ 1751],  902,  859 [ 1761],  922,  861 [ 1783],  899,  856 [ 1755],  885,  867 [ 1752],  921,  872 [ 1793]
   16:  889,  866 [ 1755],  882,  876 [ 1758],  909,  877 [ 1786],  879,  876 [ 1755],  882,  875 [ 1757],  907,  875 [ 1782],  880,  879 [ 1759],  903,  880 [ 1783]
   32:  869,  416 [ 1285],  372,  904 [ 1276],  397,  390 [  787],  909,  369 [ 1278],  388,  913 [ 1301],  386,  402 [  788],  905,  366 [ 1271],  381,  914 [ 1295]
   48:  385,  401 [  786],  909,  364 [ 1273],  385,  914 [ 1299],  861,  907 [ 1768],  401,  362 [  763],  911,  411 [ 1322],  370,  909 [ 1279],  388,  366 [  754]
   64:  907,  866 [ 1773],  898,  861 [ 1759],  911,  409 [ 1320],  376,  914 [ 1290],  851,  915 [ 1766],  850,  913 [ 1763],  864,  913 [ 1777],  853,  914 [ 1767]
   80:  851,  914 [ 1765],  852,  913 [ 1765],  831,  927 [ 1758],  848,  916 [ 1764],  850,  918 [ 1768],  850,  920 [ 1770],  857,  920 [ 1777],  371,  382 [  753]
   96:  899,  413 [ 1312],  371,  920 [ 1291],  842,  920 [ 1762],  828,  927 [ 1755],  847,  928 [ 1775],  382,  404 [  786],  898,  381 [ 1279],  365,  927 [ 1292]
  112:  858,  917 [ 1775],  845,  920 [ 1765],  851,  918 [ 1769],  848,  920 [ 1768],  825,  929 [ 1754],  846,  922 [ 1768],  371,  416 [  787],  892,  414 [ 1306]
  128:  333,  928 [ 1261],  390,  376 [  766],  895,  424 [ 1319],  360,  920 [ 1280],  846,  921 [ 1767],  844,  923 [ 1767],  852,  922 [ 1774],  848,  923 [ 1771]
  144:  844,  922 [ 1766],  841,  922 [ 1763],  825,  930 [ 1755],  845,  921 [ 1766],  845,  926 [ 1771],  838,  921 [ 1759],  856,  922 [ 1778],  842,  921 [ 1763]
  160:  845,  922 [ 1767],  845,  921 [ 1766],  389,  373 [  762],  892,  417 [ 1309],  366,  921 [ 1287],  846,  921 [ 1767],  370,  413 [  783],  898,  870 [ 1768]
  176:  895,  373 [ 1268],  370,  930 [ 1300],  847,  915 [ 1762],  848,  921 [ 1769],  858,  914 [ 1772],  850,  918 [ 1768],  846,  920 [ 1766],  853,  915 [ 1768]
  192:  366,  411 [  777],  898,  403 [ 1301],  341,  924 [ 1265],  376,  411 [  787],  899,  403 [ 1302],  340,  930 [ 1270],  857,  916 [ 1773],  382,  402 [  784]
  208:  898,  383 [ 1281],  363,  926 [ 1289],  850,  921 [ 1771],  857,  916 [ 1773],  381,  392 [  773],  907,  375 [ 1282],  369,  930 [ 1299],  845,  916 [ 1761]
  224:  388,  402 [  790],  897,  847 [ 1744],  896,  867 [ 1763],  901,  414 [ 1315],  369,  917 [ 1286],   98,    0 [   98]
!Rounded  2, 2, 3, 2
    0: 1120,  880,  940,  880,  880,  880,  880,  880,  880,  880,  880,  880,  880,  880,  880,  880
   16:  880,  880,  880,  880,  880,  880,  880,  880,  880,  880,  880,  880,  880,  880,  880,  880
   32:  880,  380,  380,  880,  380,  380,  880,  380,  380,  880,  380,  380,  880,  380,  380,  880
   48:  380,  380,  880,  380,  380,  880,  880,  880,  380,  380,  880,  380,  380,  880,  380,  380
   64:  880,  880,  880,  880,  880,  380,  380,  880,  880,  880,  880,  880,  880,  880,  880,  880
   80:  880,  880,  880,  880,  880,  880,  880,  880,  880,  880,  880,  880,  880,  880,  380,  380
   96:  880,  380,  380,  880,  880,  880,  880,  880,  880,  880,  380,  380,  880,  380,  380,  880
  112:  880,  880,  880,  880,  880,  880,  880,  880,  880,  880,  880,  880,  380,  380,  880,  380
  128:  380,  880,  380,  380,  880,  380,  380,  880,  880,  880,  880,  880,  880,  880,  880,  880
  144:  880,  880,  880,  880,  880,  880,  880,  880,  880,  880,  880,  880,  880,  880,  880,  880
  160:  880,  880,  880,  880,  380,  380,  880,  380,  380,  880,  880,  880,  380,  380,  880,  880
  176:  880,  380,  380,  880,  880,  880,  880,  880,  880,  880,  880,  880,  880,  880,  880,  880
  192:  380,  380,  880,  380,  380,  880,  380,  380,  880,  380,  380,  880,  880,  880,  380,  380
  208:  880,  380,  380,  880,  880,  880,  880,  880,  380,  380,  880,  380,  380,  880,  880,  880
  224:  380,  380,  880,  880,  880,  880,  880,  380,  380,  880,   98,    0


PreAmble Long 29 205 A 2 D 1 0 0 2 4 0 2 0 0 8 5 0 2 0 7 2 1 0 4
4MM, 205 totaal
RGR968

-1 Sync A
0..3 	Sensorid	2 D 1 0 
   4 	Channel 	0 
5..6 	RolCode 	2 4 
   7 	Flags   	0
8..10 	Rate    	2 0 0 => 002
11..15 Total  		8 5 0 2 0 => 0205,8
16..17 ?		7 2 
18 	Checksum	1 
??..??	Postamble?	0 4

PreAmble Long 29 203 A 2 D 1 0 0 2 4 0 0 0 0 8 5 0 2 0 5 2 F 0 8
PreAmble Long 29 205 A 2 D 1 0 0 2 4 0 2 0 0 8 5 0 2 0 7 2 1 0 4

IR experiments

************************************************************
Nodo-Due (c) Copyright 2011 P.K.Tonkes.
License: GNU General Public License.
Version=1.2.0, ThisUnit=128
TimeStamp=Mon 2011-08-15 11:49:57, DaylightSaving
rawsignalget; on
************************************************************
Mon 2011-08-15 11:49:57, Internal, (0x90510000)
Mon 2011-08-15 11:49:57, Input, (0x857AF7FF)
Mon 2011-08-15 11:50:01
*  2883,53491,68,67,1, (0x857AF7FF)
RAW P  8865, 493, 505,  12,  33, 0xFFFFFFFF [493-505]
RAW S  4308, 430,1548,1118,   9, 0x7A850800 [430-438/1542-1548]
RAW PS 13173, 925,2047,1122,  42, 0x857AF7FF [925-936/2040-2047]
   0:8865,4308 [13173], 492, 436 [ 928], 498, 430 [ 928], 500, 435 [ 935], 499, 430 [ 929], 500, 434 [ 934], 500, 430 [ 930], 505, 430 [ 935]
  16: 493, 436 [ 929], 499, 436 [ 935], 493, 438 [ 931], 498, 436 [ 934], 495, 436 [ 931], 498,1542 [2040], 500, 435 [ 935], 499, 430 [ 929]
  32: 500, 435 [ 935], 500, 430 [ 930], 498,1548 [2046], 495, 436 [ 931], 499,1547 [2046], 495, 430 [ 925], 504, 430 [ 934], 500, 430 [ 930]
  48: 504, 432 [ 936], 500,1542 [2042], 498, 436 [ 934], 495,1548 [2043], 498, 436 [ 934], 495,1545 [2040], 500,1542 [2042], 505,1542 [2047]
  64: 500,1541 [2041], 499,   0 [ 499]
!Rounded 1,2,2
   0: [13200] [ 920] [ 930] [ 930] [ 930] [ 930] [ 930] [ 930]
   8: [ 930] [ 930] [ 930] [ 930] [ 930] [2050] [ 930] [ 930]
  16: [ 930] [ 930] [2050] [ 930] [2050] [ 930] [ 930] [ 930]
  24: [ 930] [2050] [ 930] [2050] [ 930] [2050] [2050] [2050]
  32: [2041] [ 500]
SyncP+S 1488 00 08 50 AF
SyncP+S 1488 00000000 00001000 01010000 10101111 0
Mon 2011-08-15 11:50:02, Input, (0x857AF7FF)
Mon 2011-08-15 11:50:06
*  5259,53459,68,67,1, (0x857AF7FF)
RAW P  8764, 495, 506,  11,  33, 0xFFFFFFFF [495-506]
RAW S  4308, 430,1549,1119,   9, 0x7A850800 [430-441/1542-1549]
RAW PS 13072, 925,2049,1124,  42, 0x857AF7FF [925-937/2038-2049]
   0:8764,4308 [13072], 492, 441 [ 933], 496, 438 [ 934], 495, 441 [ 936], 495, 438 [ 933], 499, 438 [ 937], 495, 430 [ 925], 505, 432 [ 937]
  16: 502, 430 [ 932], 505, 432 [ 937], 500, 432 [ 932], 499, 438 [ 937], 495, 438 [ 933], 498,1549 [2047], 496, 438 [ 934], 499, 436 [ 935]
  32: 496, 435 [ 931], 502, 430 [ 932], 502,1547 [2049], 500, 432 [ 932], 500,1548 [2048], 496, 438 [ 934], 498, 438 [ 936], 496, 438 [ 934]
  48: 499, 436 [ 935], 496,1542 [2038], 506, 430 [ 936], 502,1542 [2044], 505, 432 [ 937], 495,1549 [2044], 499,1548 [2047], 496,1542 [2038]
  64: 506,1542 [2048], 502,   0 [ 502]
!Rounded 1,2,2
   0: [13100] [ 930] [ 940] [ 940] [ 940] [ 940] [ 940] [ 940]
   8: [ 940] [ 940] [ 940] [ 940] [ 940] [2050] [ 940] [ 940]
  16: [ 940] [ 940] [2050] [ 940] [2050] [ 940] [ 940] [ 940]
  24: [ 940] [2050] [ 940] [2050] [ 940] [2050] [2050] [2050]
  32: [2050] [ 500]
SyncP+S 1487 00 08 50 AF
SyncP+S 1487 00000000 00001000 01010000 10101111 0
Mon 2011-08-15 11:50:07, Input, (48)
Mon 2011-08-15 11:50:09
*  2529, 3021,78,77,1, (48)
RAW P  1618,1516,5592,4076,   1, 32 [1516-1598/2972-3013/5592-5592]
RAW S  1144,1141,5166,4025,   2, 48 [1141-1218/2637-2689/4172-5166]
RAW PS 2762,2714,10758,8044,   3, 16 [2714-2756/4176-4217/5648-5748/10758-10758]
   0:1618,1144 [2762],1580,1157 [2737],1570,1170 [2740],1572,1161 [2733],1592,1148 [2740],1582,1174 [2756],1567,1176 [2743],1549,1183 [2732]
  16:1555,1171 [2726],1598,1141 [2739],1575,1150 [2725],1576,4172 [5748],5592,5166 [10758],1556,1181 [2737],1554,1192 [2746],1568,1154 [2722]
  32:1557,2653 [4210],1555,1167 [2722],1562,1188 [2750],1557,1177 [2734],3013,1193 [4206],1530,1214 [2744],1526,2650 [4176],1541,1183 [2724]
  48:3011,2637 [5648],1563,1193 [2756],1529,1212 [2741],2972,2689 [5661],1524,1190 [2714],1553,1200 [2753],1535,1217 [2752],1526,1194 [2720]
  64:2991,2661 [5652],1537,1196 [2733],1535,1201 [2736],2999,1218 [4217],1516,1198 [2714],1544,2650 [4194],2992,   0 [2992]
!Rounded 3,3,4,0
   0:1560,1180,1560,1180,1560,1180,1560,1180,1560,1180,1560,1180,1560,1180,1560,1180
  16:1560,1180,1560,1180,1560,1180,1560,4700,5600,4700,1560,1180,1560,1180,1560,1180
  32:1560,2700,1560,1180,1560,1180,1560,1180,3000,1180,1560,1180,1560,2700,1560,1180
  48:3000,2700,1560,1180,1560,1180,3000,2700,1560,1180,1560,1180,1560,1180,1560,1180
  64:3000,2700,1560,1180,1560,1180,3000,1180,1560,1180,1560,2700,3000,   0
PreAmble Sync 19 56 07 E1 BD FE F0 02
PreAmble Sync 19 56 00000111 11100001 10111101 11111110 11110000 10
!    99, 2448,84,80,4, (0x91040402)
RAW P  1605, 220,5564,5344,   6, 0x91040404 [220-307/981-1059/1366-1566/1566-1610/2905-2967/5564-5564]
RAW S  1155,1138,5185,4047,   2, 6 [1138-1331/2652-2763/4179-5185]
RAW PS 2760,1584,10749,9165,   8, 0x91040402 [1584-1584/2327-2327/2642-2806/4112-4218/5668-5730/10749-10749]
   0:1605,1155 [2760],1566,1177 [2743],1556,1180 [2736],1561,1184 [2745],1564,1169 [2733],1553,1181 [2734],1545,1189 [2734],1568,1162 [2730]
  16:1579,1158 [2737],1610,1138 [2748],1548,1192 [2740],1551,4179 [5730],5564,5185 [10749],1550,1234 [2784],1507,1190 [2697],1528,1212 [2740]
  32:1538,2652 [4190],1530,1247 [2777],1492,1246 [2738],1484,1224 [2708],2967,1236 [4203],1498,1308 [2806],1427,2710 [4137],1498,1249 [2747]
  48:1386,   1 [1387],1366,2746 [4112],1458,1253 [2711],1477,1278 [2755],2905,2763 [5668], 220,   1 [ 221],1059,1268 [2327],1448,1258 [2706]
  64:1475,1331 [2806],1417,1225 [2642],2967,2726 [5693], 981,   1 [ 982], 307,1277 [1584],1462,1268 [2730],2922,1296 [4218],1450,1202 [2652]
  80:1532,2699 [4231],2949,   0 [2949]
!Rounded 6,3,6,0
   0:1470,1230,1470,1230,1470,1230,1470,1230,1470,1230,1470,1230,1470,1230,1590,1230
  16:1590,1230,1590,1230,1470,1230,1470,4700,5600,4700,1470,1230,1470,1230,1470,1230
  32:1470,2700,1470,1230,1470,1230,1470,1230,2900,1230,1470,1230,1470,2700,1470,1230
  48:1470,   1,1470,2700,1470,1230,1470,1230,2900,2700, 260,   1,1020,1230,1470,1230
  64:1470,1230,1470,1230,2900,2700,1020,   1, 260,1230,1470,1230,2900,1230,1470,1230
  80:1470,2700,2900,   0
PreAmble Sync 19 62 AA AA BD 42 0A
PreAmble Sync 19 62 10101010 10101010 10111101 01000010 1010
Mon 2011-08-15 11:50:27, Input, (0x8C19B030)
Mon 2011-08-15 11:50:32
* 23069,43914,232,231,1, (0x8C19B030)
RAW P  1003, 320, 921, 601,  85, 0xB7AA97D7 [320-401/813-921]
RAW S   848, 359, 951, 592,  84, 0x3BB327E7 [359-443/819-951]
RAW PS 1851, 741,1799,1058, 169, 0x8C19B030 [741-790/1266-1339/1738-1799]
   0:1003, 848 [1851], 920, 851 [1771], 915, 856 [1771], 921, 819 [1740], 902, 873 [1775], 897, 879 [1776], 888, 885 [1773], 891, 879 [1770]
  16: 885, 853 [1738], 918, 858 [1776], 878, 895 [1773], 880, 889 [1769], 876, 892 [1768], 884, 890 [1774], 877, 861 [1738], 880, 894 [1774]
  32: 896, 423 [1319], 346, 920 [1266], 400, 390 [ 790], 885, 410 [1295], 354, 928 [1282], 384, 366 [ 750], 915, 402 [1317], 381, 918 [1299]
  48: 352, 411 [ 763], 917, 367 [1284], 376, 923 [1299], 832, 934 [1766], 401, 359 [ 760], 910, 391 [1301], 376, 918 [1294], 388, 397 [ 785]
  64: 879, 860 [1739], 917, 882 [1799], 876, 417 [1293], 347, 936 [1283], 827, 932 [1759], 856, 928 [1784], 837, 922 [1759], 844, 932 [1776]
  80: 822, 927 [1749], 858, 928 [1786], 834, 924 [1758], 846, 927 [1773], 827, 929 [1756], 851, 930 [1781], 831, 932 [1763], 344, 417 [ 761]
  96: 903, 384 [1287], 371, 926 [1297], 829, 937 [1766], 850, 928 [1778], 822, 932 [1754], 378, 403 [ 781], 872, 429 [1301], 338, 940 [1278]
 112: 846, 933 [1779], 825, 937 [1762], 845, 933 [1778], 820, 930 [1750], 827, 934 [1761], 850, 930 [1780], 822, 926 [1748], 856, 928 [1784]
 128: 832, 933 [1765], 841, 929 [1770], 820, 932 [1752], 852, 928 [1780], 838, 933 [1771], 818, 933 [1751], 851, 929 [1780], 820, 934 [1754]
 144: 826, 951 [1777], 813, 941 [1754], 848, 935 [1783], 347, 421 [ 768], 894, 852 [1746], 901, 404 [1305], 359, 929 [1288], 383, 404 [ 787]
 160: 870, 432 [1302], 331, 948 [1279], 825, 935 [1760], 848, 929 [1777], 819, 937 [1756], 844, 936 [1780], 831, 929 [1760], 381, 373 [ 754]
 176: 899, 401 [1300], 363, 934 [1297], 846, 934 [1780], 826, 936 [1762], 835, 932 [1767], 828, 935 [1763], 842, 937 [1779], 360, 381 [ 741]
 192: 899, 395 [1294], 366, 932 [1298], 373, 391 [ 764], 901, 398 [1299], 363, 934 [1297], 827, 946 [1773], 375, 378 [ 753], 896, 443 [1339]
 208: 320, 948 [1268], 813, 946 [1759], 389, 377 [ 766], 898, 886 [1784], 865, 905 [1770], 867, 873 [1740], 899, 407 [1306], 365, 935 [1300]
 224: 813, 947 [1760], 847, 935 [1782], 367, 373 [ 740], 896,   0 [ 896]
!Rounded 2,2,3,2
   0: 880, 880, 880, 880, 880, 880, 880, 880, 880, 880, 880, 880, 880, 880, 880, 880
  16: 880, 880, 880, 880, 880, 880, 880, 880, 880, 880, 880, 880, 880, 880, 880, 880
  32: 880, 380, 380, 880, 380, 380, 880, 380, 380, 880, 380, 380, 880, 380, 380, 880
  48: 380, 380, 880, 380, 380, 880, 880, 880, 380, 380, 880, 380, 380, 880, 380, 380
  64: 880, 880, 880, 880, 880, 380, 380, 880, 880, 880, 880, 880, 880, 880, 880, 880
  80: 880, 880, 880, 880, 880, 880, 880, 880, 880, 880, 880, 880, 880, 880, 380, 380
  96: 880, 380, 380, 880, 880, 880, 880, 880, 880, 880, 380, 380, 880, 380, 380, 880
 112: 880, 880, 880, 880, 880, 880, 880, 880, 880, 880, 880, 880, 880, 880, 880, 880
 128: 880, 880, 880, 880, 880, 880, 880, 880, 880, 880, 880, 880, 880, 880, 880, 880
 144: 880, 880, 880, 880, 880, 880, 380, 380, 880, 880, 880, 380, 380, 880, 380, 380
 160: 880, 380, 380, 880, 880, 880, 880, 880, 880, 880, 880, 880, 880, 880, 380, 380
 176: 880, 380, 380, 880, 880, 880, 880, 880, 880, 880, 880, 880, 880, 880, 380, 380
 192: 880, 380, 380, 880, 380, 380, 880, 380, 380, 880, 880, 880, 380, 380, 880, 380
 208: 380, 880, 880, 880, 380, 380, 880, 880, 880, 880, 880, 880, 880, 380, 380, 880
 224: 880, 880, 880, 880, 380, 380, 880,   0
PreAmble Long 29 203 A 2 D 1 0 0 2 4 0 0 0 0 8 5 0 2 0 5 2 F 0 8
!    13,43596,232,231,1, (0x8C19B030)
RAW P   650, 329, 902, 573,  85, 0xB7AA97D7 [329-379/810-902]
RAW S   882, 381, 951, 570,  84, 0x3BB327E7 [381-441/864-951]
RAW PS 1532, 741,1792,1051, 169, 0x8C19B030 [741-784/1272-1328/1742-1792]
   0: 650, 882 [1532], 870, 901 [1771], 863, 907 [1770], 872, 899 [1771], 865, 907 [1772], 863, 879 [1742], 895, 876 [1771], 864, 913 [1777]
  16: 857, 911 [1768], 861, 909 [1770], 869, 903 [1772], 866, 880 [1746], 863, 908 [1771], 861, 909 [1770], 861, 914 [1775], 860, 910 [1770]
  32: 846, 441 [1287], 363, 934 [1297], 348, 413 [ 761], 870, 434 [1304], 329, 943 [1272], 379, 381 [ 760], 902, 421 [1323], 331, 943 [1274]
  48: 378, 403 [ 781], 871, 433 [1304], 334, 946 [1280], 846, 936 [1782], 345, 400 [ 745], 892, 429 [1321], 358, 934 [1292], 339, 423 [ 762]
  64: 865, 907 [1772], 864, 895 [1759], 870, 430 [1300], 359, 936 [1295], 815, 936 [1751], 818, 943 [1761], 826, 943 [1769], 823, 951 [1774]
  80: 840, 939 [1779], 815, 934 [1749], 845, 936 [1781], 813, 936 [1749], 846, 935 [1781], 818, 934 [1752], 826, 936 [1762], 377, 388 [ 765]
  96: 896, 405 [1301], 358, 933 [1291], 848, 935 [1783], 833, 932 [1765], 841, 930 [1771], 344, 421 [ 765], 901, 385 [1286], 365, 937 [1302]
 112: 825, 939 [1764], 845, 935 [1780], 814, 933 [1747], 845, 939 [1784], 829, 934 [1763], 810, 934 [1744], 857, 935 [1792], 814, 936 [1750]
 128: 847, 932 [1779], 816, 936 [1752], 848, 934 [1782], 814, 936 [1750], 848, 935 [1783], 818, 933 [1751], 848, 935 [1783], 818, 930 [1748]
 144: 828, 933 [1761], 852, 940 [1792], 816, 932 [1748], 371, 391 [ 762], 898, 864 [1762], 902, 426 [1328], 356, 933 [1289], 339, 432 [ 771]
 160: 860, 436 [1296], 356, 936 [1292], 826, 940 [1766], 829, 937 [1766], 815, 936 [1751], 845, 935 [1780], 837, 932 [1769], 340, 422 [ 762]
 176: 899, 386 [1285], 364, 937 [1301], 816, 945 [1761], 823, 949 [1772], 816, 943 [1759], 844, 935 [1779], 818, 935 [1753], 369, 413 [ 782]
 192: 870, 432 [1302], 329, 946 [1275], 376, 408 [ 784], 873, 432 [1305], 331, 942 [1273], 831, 935 [1766], 367, 391 [ 758], 896, 403 [1299]
 208: 365, 933 [1298], 846, 936 [1782], 352, 389 [ 741], 901, 872 [1773], 896, 884 [1780], 870, 903 [1773], 866, 415 [1281], 359, 935 [1294]
 224: 845, 936 [1781], 821, 939 [1760], 367, 409 [ 776], 872,   0 [ 872]
!Rounded 2,2,3,2
   0: 880, 880, 880, 880, 880, 880, 880, 880, 880, 880, 880, 880, 880, 880, 880, 880
  16: 880, 880, 880, 880, 880, 880, 880, 880, 880, 880, 880, 880, 880, 880, 880, 880
  32: 880, 390, 390, 880, 390, 390, 880, 390, 390, 880, 390, 390, 880, 390, 390, 880
  48: 390, 390, 880, 390, 390, 880, 880, 880, 390, 390, 880, 390, 390, 880, 390, 390
  64: 880, 880, 880, 880, 880, 390, 390, 880, 880, 880, 880, 880, 880, 880, 880, 880
  80: 880, 880, 880, 880, 880, 880, 880, 880, 880, 880, 880, 880, 880, 880, 390, 390
  96: 880, 390, 390, 880, 880, 880, 880, 880, 880, 880, 390, 390, 880, 390, 390, 880
 112: 880, 880, 880, 880, 880, 880, 880, 880, 880, 880, 880, 880, 880, 880, 880, 880
 128: 880, 880, 880, 880, 880, 880, 880, 880, 880, 880, 880, 880, 880, 880, 880, 880
 144: 880, 880, 880, 880, 880, 880, 390, 390, 880, 880, 880, 390, 390, 880, 390, 390
 160: 880, 390, 390, 880, 880, 880, 880, 880, 880, 880, 880, 880, 880, 880, 390, 390
 176: 880, 390, 390, 880, 880, 880, 880, 880, 880, 880, 880, 880, 880, 880, 390, 390
 192: 880, 390, 390, 880, 390, 390, 880, 390, 390, 880, 880, 880, 390, 390, 880, 390
 208: 390, 880, 880, 880, 390, 390, 880, 880, 880, 880, 880, 880, 880, 390, 390, 880
 224: 880, 880, 880, 880, 390, 390, 880,   0
PreAmble Long 29 203 A 2 D 1 0 0 2 4 0 0 0 0 8 5 0 2 0 5 2 F 0 8
Mon 2011-08-15 11:50:33, Input, (24)
Mon 2011-08-15 11:50:39
*  6932, 2819,80,78,2, (24)
RAW P  1625, 908,5551,4643,   1, 16 [908-908/1506-1591/1912-1912/2993-3007/5551-5551]
RAW S  1145,1157,5177,4020,   2, 24 [1157-1226/2631-2672/4200-5177]
RAW PS 2770,2709,10728,8019,   3, 8 [2709-2771/3580-3580/4184-4203/5644-5756/10728-10728]
   0:1625,1145 [2770],1572,1161 [2733],1561,1189 [2750],1569,1157 [2726],1568,1174 [2742],1557,1186 [2743],1554,1176 [2730],1568,1180 [2748]
  16:1591,1161 [2752],1549,1176 [2725],1559,1168 [2727],1556,4200 [5756],5551,5177 [10728],1561,1203 [2764],1530,1188 [2718],1554,1186 [2740]
  32:1560,2631 [4191],1547,1195 [2742],1548,1186 [2734],1545,1193 [2738],3005,1179 [4184],1553,1193 [2746],1559,2636 [4195],1534,1195 [2729]
  48:3007,2637 [5644],1545,1226 [2771],1516,1203 [2719],2993,2664 [5657],1519,1217 [2736],1535,1192 [2727],1535,1192 [2727],1557,1189 [2746]
  64:1912,   1 [1913], 908,2672 [3580],1512,1222 [2734],1506,1203 [2709],3000,1203 [4203],1530,1211 [2741],1525,2681 [4206],2967,   0 [2967]
!Rounded 5,3,5,0
   0:1550,1190,1550,1190,1550,1190,1550,1190,1550,1190,1550,1190,1550,1190,1550,1190
  16:1550,1190,1550,1190,1550,1190,1550,4700,5600,4700,1550,1190,1550,1190,1550,1190
  32:1550,2700,1550,1190,1550,1190,1550,1190,3000,1190,1550,1190,1550,2700,1550,1190
  48:3000,2700,1550,1190,1550,1190,3000,2700,1550,1190,1550,1190,1550,1190,1550,1190
  64:1910,   1, 910,2700,1550,1190,1550,1190,3000,1190,1550,1190,1550,2681,2967,   0
PreAmble Sync 19 58 AA AA AB 55
PreAmble Sync 19 58 10101010 10101010 10101011 01010101
!   100, 3004,78,77,1, (48)
RAW P  1592,1504,5543,4039,   1, 32 [1504-1583/2976-3000/5543-5543]
RAW S  1189,1155,5212,4057,   2, 48 [1155-1225/2661-2685/4196-5212]
RAW PS 2781,2696,10755,8059,   3, 16 [2696-2763/4199-4228/5637-5738/10755-10755]
   0:1592,1189 [2781],1542,1213 [2755],1543,1199 [2742],1519,1211 [2730],1524,1186 [2710],1567,1196 [2763],1517,1200 [2717],1542,1182 [2724]
  16:1559,1190 [2749],1583,1157 [2740],1551,1189 [2740],1542,4196 [5738],5543,5212 [10755],1548,1190 [2738],1564,1155 [2719],1542,1194 [2736]
  32:1544,2684 [4228],1519,1192 [2711],1540,1198 [2738],1549,1193 [2742],3000,1199 [4199],1529,1203 [2732],1535,2685 [4220],1513,1196 [2709]
  48:2993,2665 [5658],1537,1218 [2755],1513,1202 [2715],2994,2682 [5676],1504,1192 [2696],1541,1222 [2763],1519,1224 [2743],1511,1225 [2736]
  64:2976,2661 [5637],1522,1211 [2733],1536,1190 [2726],2994,1221 [4215],1538,1200 [2738],1524,2676 [4200],2969,   0 [2969]
!Rounded 3,3,4,0
   0:1540,1190,1540,1190,1540,1190,1540,1190,1540,1190,1540,1190,1540,1190,1540,1190
  16:1540,1190,1540,1190,1540,1190,1540,4700,5500,4700,1540,1190,1540,1190,1540,1190
  32:1540,2700,1540,1190,1540,1190,1540,1190,3000,1190,1540,1190,1540,2700,1540,1190
  48:3000,2700,1540,1190,1540,1190,3000,2700,1540,1190,1540,1190,1540,1190,1540,1190
  64:3000,2700,1540,1190,1540,1190,3000,1190,1540,1190,1540,2700,2969,   0
PreAmble Sync 19 56 07 E1 BD FE F0 02
PreAmble Sync 19 56 00000111 11100001 10111101 11111110 11110000 10
Mon 2011-08-15 11:50:49, Input, (KAKU C3,Off)
Mon 2011-08-15 11:50:54
* 15671,29765,50,49,1, (KAKU C3,Off)
RAW P   514, 325,1084, 759,   4, 0x140404 [325-420/1023-1084]
RAW S   750, 145, 901, 756,  19, 0x6BFBFB [145-201/806-901]
RAW PS 1264,1219,1230,  11,  23, 0x7FFFFF [1219-1230]
   0: 514, 750 [1264], 420, 806 [1226], 401, 821 [1222],1084, 145 [1229], 377, 846 [1223], 383, 844 [1227], 369, 859 [1228], 373, 846 [1219]
  16: 370, 858 [1228], 365, 863 [1228], 354, 865 [1219],1051, 177 [1228], 348, 875 [1223], 350, 876 [1226], 348, 878 [1226], 337, 885 [1222]
  32: 341, 889 [1230], 339, 885 [1224], 337, 885 [1222],1029, 199 [1228], 325, 898 [1223],1023, 201 [1224], 328, 901 [1229], 321, 899 [1220]
  48: 327,   0 [ 327]
!Rounded 2,2,1,0
   0: 370, 850 [1220], 370, 850 [1220], 370, 850 [1220],1050, 170 [1220], 370, 850 [1220], 370, 850 [1220], 370, 850 [1220], 370, 850 [1220]
  16: 370, 850 [1220], 370, 850 [1220], 370, 850 [1220],1050, 170 [1220], 370, 850 [1220], 370, 850 [1220], 370, 850 [1220], 370, 850 [1220]
  32: 370, 850 [1220], 370, 850 [1220], 370, 850 [1220],1050, 170 [1220], 370, 850 [1220],1050, 170 [1220], 370, 850 [1220], 321, 850 [1171]
  48: 370,   0 [ 370]
!     7,29743,50,49,1, (KAKU C3,Off)
RAW P   378, 309,1027, 718,   4, 0x140404 [309-328/1010-1027]
RAW S   889, 201, 918, 717,  19, 0x6BFBFB [201-219/894-918]
RAW PS 1267,1219,1229,  10,  23, 0x7FFFFF [1219-1229]
   0: 378, 889 [1267], 324, 899 [1223], 327, 894 [1221],1027, 201 [1228], 321, 899 [1220], 328, 901 [1229], 328, 899 [1227], 322, 898 [1220]
  16: 327, 902 [1229], 322, 903 [1225], 321, 902 [1223],1021, 208 [1229], 314, 905 [1219], 321, 908 [1229], 320, 905 [1225], 316, 905 [1221]
  32: 321, 907 [1228], 314, 910 [1224], 315, 909 [1224],1013, 214 [1227], 309, 911 [1220],1010, 219 [1229], 309, 918 [1227], 300, 921 [1221]
  48: 308,   0 [ 308]
!Rounded 2,2,1,0
   0: 320, 910 [1230], 320, 910 [1230], 320, 910 [1230],1020, 210 [1230], 320, 910 [1230], 320, 910 [1230], 320, 910 [1230], 320, 910 [1230]
  16: 320, 910 [1230], 320, 910 [1230], 320, 910 [1230],1020, 210 [1230], 320, 910 [1230], 320, 910 [1230], 320, 910 [1230], 320, 910 [1230]
  32: 320, 910 [1230], 320, 910 [1230], 320, 910 [1230],1020, 210 [1230], 320, 910 [1230],1020, 210 [1230], 320, 910 [1230], 300, 921 [1221]
  48: 308,   0 [ 308]
!     7,29762,50,49,1, (KAKU C3,Off)
RAW P   360, 300,1017, 717,   4, 0x140404 [300-322/1004-1017]
RAW S   903, 214, 922, 708,  19, 0x6BFBFB [214-223/903-922]
RAW PS 1263,1221,1231,  10,  23, 0x7FFFFF [1221-1231]
   0: 360, 903 [1263], 318, 903 [1221], 322, 905 [1227],1017, 214 [1231], 312, 910 [1222], 314, 911 [1225], 312, 909 [1221], 319, 909 [1228]
  16: 320, 909 [1229], 309, 913 [1222], 320, 908 [1228],1012, 218 [1230], 305, 918 [1223], 312, 915 [1227], 309, 913 [1222], 316, 913 [1229]
  32: 312, 917 [1229], 308, 913 [1221], 314, 915 [1229],1010, 218 [1228], 303, 921 [1224],1004, 223 [1227], 300, 922 [1222], 306, 922 [1228]
  48: 306,   0 [ 306]
!Rounded 2,2,1,1
   0: 270, 910 [1180], 270, 910 [1180], 270, 910 [1180],1010, 270 [1280], 270, 910 [1180], 270, 910 [1180], 270, 910 [1180], 270, 910 [1180]
  16: 270, 910 [1180], 270, 910 [1180], 270, 910 [1180],1010, 270 [1280], 270, 910 [1180], 270, 910 [1180], 270, 910 [1180], 270, 910 [1180]
  32: 270, 910 [1180], 270, 910 [1180], 270, 910 [1180],1010, 270 [1280], 270, 910 [1180],1010, 270 [1280], 270, 910 [1180], 270, 910 [1180]
  48: 270,   0 [ 270]
!     7,29758,50,49,1, (KAKU C3,Off)
RAW P   356, 299,1016, 717,   4, 0x140404 [299-320/1006-1016]
RAW S   909, 206, 924, 718,  19, 0x6BFBFB [206-223/907-924]
RAW PS 1265,1222,1229,   7,  23, 0x7FFFFF [1222-1229]
   0: 356, 909 [1265], 313, 907 [1220], 320, 909 [1229],1016, 206 [1222], 316, 913 [1229], 315, 913 [1228], 310, 913 [1223], 315, 911 [1226]
  16: 315, 913 [1228], 310, 914 [1224], 313, 911 [1224],1013, 211 [1224], 309, 918 [1227], 310, 917 [1227], 306, 917 [1223], 310, 916 [1226]
  32: 312, 916 [1228], 308, 914 [1222], 313, 916 [1229],1010, 212 [1222], 309, 918 [1227],1006, 223 [1229], 299, 924 [1223], 303, 922 [1225]
  48: 308,   0 [ 308]
!Rounded 2,2,1,2
   0: 260, 960 [1220], 260, 960 [1220], 260, 960 [1220], 960, 260 [1220], 260, 960 [1220], 260, 960 [1220], 260, 960 [1220], 260, 960 [1220]
  16: 260, 960 [1220], 260, 960 [1220], 260, 960 [1220], 960, 260 [1220], 260, 960 [1220], 260, 960 [1220], 260, 960 [1220], 260, 960 [1220]
  32: 260, 960 [1220], 260, 960 [1220], 260, 960 [1220], 960, 260 [1220], 260, 960 [1220], 960, 260 [1220], 260, 960 [1220], 260, 960 [1220]
  48: 260,   0 [ 260]
!     7,29751,50,49,1, (KAKU C3,Off)
RAW P   352, 305,1012, 707,   4, 0x140404 [305-316/1005-1012]
RAW S   909, 211, 922, 711,  19, 0x6BFBFB [211-217/910-922]
RAW PS 1261,1219,1230,  11,  23, 0x7FFFFF [1219-1230]
   0: 352, 909 [1261], 315, 911 [1226], 316, 910 [1226],1012, 211 [1223], 314, 914 [1228], 309, 915 [1224], 312, 914 [1226], 313, 916 [1229]
  16: 307, 915 [1222], 315, 914 [1229], 314, 911 [1225],1011, 213 [1224], 310, 917 [1227], 305, 918 [1223], 309, 918 [1227], 312, 916 [1228]
  32: 306, 916 [1222], 314, 916 [1230], 310, 915 [1225],1006, 213 [1219], 310, 918 [1228],1005, 217 [1222], 306, 922 [1228], 306, 923 [1229]
  48: 300,   0 [ 300]
!Rounded 2,2,1,2
   0: 260, 960 [1220], 260, 960 [1220], 260, 960 [1220], 960, 260 [1220], 260, 960 [1220], 260, 960 [1220], 260, 960 [1220], 260, 960 [1220]
  16: 260, 960 [1220], 260, 960 [1220], 260, 960 [1220], 960, 260 [1220], 260, 960 [1220], 260, 960 [1220], 260, 960 [1220], 260, 960 [1220]
  32: 260, 960 [1220], 260, 960 [1220], 260, 960 [1220], 960, 260 [1220], 260, 960 [1220], 960, 260 [1220], 260, 960 [1220], 260, 960 [1220]
  48: 260,   0 [ 260]
!     7,29752,50,49,1, (KAKU C3,Off)
RAW P   351, 306,1015, 709,   4, 0x140404 [306-319/1008-1015]
RAW S   905, 213, 921, 708,  19, 0x6BFBFB [213-217/905-921]
RAW PS 1256,1219,1230,  11,  23, 0x7FFFFF [1219-1230]
   0: 351, 905 [1256], 319, 905 [1224], 316, 907 [1223],1015, 213 [1228], 315, 914 [1229], 309, 913 [1222], 316, 914 [1230], 315, 911 [1226]
  16: 310, 909 [1219], 318, 911 [1229], 310, 911 [1221],1012, 215 [1227], 312, 916 [1228], 307, 916 [1223], 314, 913 [1227], 314, 916 [1230]
  32: 306, 915 [1221], 313, 915 [1228], 309, 913 [1222],1012, 217 [1229], 312, 916 [1228],1008, 215 [1223], 308, 921 [1229], 308, 921 [1229]
  48: 301,   0 [ 301]
!Rounded 2,2,1,0
   0: 310, 910 [1220], 310, 910 [1220], 310, 910 [1220],1010, 220 [1230], 310, 910 [1220], 310, 910 [1220], 310, 910 [1220], 310, 910 [1220]
  16: 310, 910 [1220], 310, 910 [1220], 310, 910 [1220],1010, 220 [1230], 310, 910 [1220], 310, 910 [1220], 310, 910 [1220], 310, 910 [1220]
  32: 310, 910 [1220], 310, 910 [1220], 310, 910 [1220],1010, 220 [1230], 310, 910 [1220],1010, 220 [1230], 310, 910 [1220], 310, 910 [1220]
  48: 301,   0 [ 301]
!     8,29765,50,49,1, (KAKU C3,Off)
RAW P   359, 309,1017, 708,   4, 0x140404 [309-322/1003-1017]
RAW S   905, 210, 924, 714,  19, 0x6BFBFB [210-221/905-924]
RAW PS 1264,1219,1233,  14,  23, 0x7FFFFF [1219-1233]
   0: 359, 905 [1264], 320, 908 [1228], 316, 905 [1221],1017, 210 [1227], 322, 908 [1230], 312, 909 [1221], 319, 911 [1230], 309, 910 [1219]
  16: 320, 908 [1228], 319, 911 [1230], 312, 909 [1221],1016, 214 [1230], 313, 913 [1226], 312, 913 [1225], 314, 913 [1227], 312, 910 [1222]
  32: 316, 914 [1230], 314, 911 [1225], 313, 909 [1222],1013, 214 [1227], 313, 916 [1229],1003, 221 [1224], 309, 924 [1233], 294, 922 [1216]
  48: 310,   0 [ 310]
!Rounded 2,2,1,1
   0: 320, 960 [1280], 320, 960 [1280], 320, 960 [1280], 960, 220 [1180], 320, 960 [1280], 320, 960 [1280], 320, 960 [1280], 320, 960 [1280]
  16: 320, 960 [1280], 320, 960 [1280], 320, 960 [1280], 960, 220 [1180], 320, 960 [1280], 320, 960 [1280], 320, 960 [1280], 320, 960 [1280]
  32: 320, 960 [1280], 320, 960 [1280], 320, 960 [1280], 960, 220 [1180], 320, 960 [1280], 960, 220 [1180], 320, 960 [1280], 294, 960 [1254]
  48: 320,   0 [ 320]
!     7,29765,50,49,1, (KAKU C3,Off)
RAW P   362, 307,1021, 714,   4, 0x140404 [307-321/1012-1021]
RAW S   905, 206, 922, 716,  19, 0x6BFBFB [206-219/903-922]
RAW PS 1267,1220,1231,  11,  23, 0x7FFFFF [1220-1231]
   0: 362, 905 [1267], 321, 903 [1224], 319, 904 [1223],1021, 206 [1227], 314, 909 [1223], 320, 910 [1230], 320, 907 [1227], 314, 909 [1223]
  16: 320, 909 [1229], 318, 910 [1228], 314, 908 [1222],1013, 212 [1225], 312, 911 [1223], 316, 911 [1227], 316, 911 [1227], 312, 910 [1222]
  32: 319, 910 [1229], 312, 916 [1228], 310, 911 [1221],1012, 217 [1229], 307, 913 [1220],1012, 219 [1231], 308, 922 [1230], 301, 920 [1221]
  48: 309,   0 [ 309]
!Rounded 2,2,1,0
   0: 310, 910 [1220], 310, 910 [1220], 310, 910 [1220],1020, 210 [1230], 310, 910 [1220], 310, 910 [1220], 310, 910 [1220], 310, 910 [1220]
  16: 310, 910 [1220], 310, 910 [1220], 310, 910 [1220],1020, 210 [1230], 310, 910 [1220], 310, 910 [1220], 310, 910 [1220], 310, 910 [1220]
  32: 310, 910 [1220], 310, 910 [1220], 310, 910 [1220],1020, 210 [1230], 310, 910 [1220],1020, 210 [1230], 310, 910 [1220], 301, 910 [1211]
  48: 310,   0 [ 310]
Mon 2011-08-15 11:50:56, Input, (NewKAKU 0xE9E8382,Off)
Mon 2011-08-15 11:51:00
*  5841,58806,132,120,12, (NewKAKU 0xE9E8382,Off)
RAW P   424, 232, 356, 124,   0, 0 [232-356]
RAW S  2352,  14,1148,1134,  32, 0x4D54AD54 [14-137/1037-1148]
RAW PS 2776, 355,1400,1045,  32, 0x4D54AD54 [355-375/1364-1400]
   0: 424,2352 [2776], 343,  14 [ 357], 356,1037 [1393], 341,  14 [ 355], 339,1048 [1387], 326,  37 [ 363], 328,1051 [1379], 305,  60 [ 365]
  16: 302,1081 [1383], 306,1069 [1375], 301,  63 [ 364], 297,1082 [1379], 290,  78 [ 368], 287,1087 [1374], 290,  78 [ 368], 281,  84 [ 365]
  32: 280,1113 [1393], 287,1088 [1375], 275,  91 [ 366], 277,  90 [ 367], 265,1114 [1379], 271,  92 [ 363], 263,1117 [1380], 268,1104 [1372]
  48: 268, 103 [ 371], 267,1105 [1372], 271, 103 [ 374], 264,1108 [1372], 262, 109 [ 371], 257,1117 [1374], 253, 116 [ 369], 255, 103 [ 358]
  64: 258,1142 [1400], 249,1119 [1368], 257, 115 [ 372], 250, 111 [ 361], 252,1131 [1383], 246, 110 [ 356], 248,1137 [1385], 243, 116 [ 359]
  80: 251,1126 [1377], 253, 111 [ 364], 249,1130 [1379], 248, 115 [ 363], 249,1133 [1382], 243,1131 [1374], 245, 118 [ 363], 246,1131 [1377]
  96: 238, 137 [ 375], 248,1131 [1379], 239, 125 [ 364], 244, 122 [ 366], 237,1142 [1379], 240, 124 [ 364], 236,1143 [1379], 242, 123 [ 365]
 112: 232,1145 [1377], 238, 117 [ 355], 242,1144 [1386], 238, 118 [ 356], 239,1148 [1387], 238,1126 [1364], 242, 132 [ 374], 240, 120 [ 360]
 128: 236,1139 [1375], 231,   0 [ 231]
!Rounded 1,2,2
   0: [2690] [ 365] [1380] [ 365] [1380] [ 365] [1380] [ 365]
   8: [1380] [1380] [ 365] [1380] [ 365] [1380] [ 365] [ 365]
  16: [1380] [1380] [ 365] [ 365] [1380] [ 365] [1380] [1380]
  24: [ 365] [1380] [ 365] [1380] [ 365] [1380] [ 365] [ 365]
  32: [1380] [1380] [ 365] [ 365] [1380] [ 365] [1380] [ 365]
  40: [1380] [ 365] [1380] [ 365] [1380] [1380] [ 365] [1380]
  48: [ 365] [1380] [ 365] [ 365] [1380] [ 365] [1380] [ 365]
  56: [1380] [ 365] [1380] [ 365] [1380] [1380] [ 365] [ 365]
  64: [1380] [ 231]
SyncP+S  869 55 A9 96 A9 95 5A 95 59
SyncP+S  869 01010101 10101001 10010110 10101001 10010101 01011010 10010101 01011001 0
!     2,58774,132,131,1, (NewKAKU 0xE9E8382,Off)
RAW P   282, 221, 253,  32,   0, 0 [221-253]
RAW S  2501, 109,1162,1053,  32, 0x4D54AD54 [109-148/1124-1162]
RAW PS 2783, 351,1398,1047,  32, 0x4D54AD54 [351-380/1367-1398]
   0: 282,2501 [2783], 249, 107 [ 356], 253,1129 [1382], 249, 110 [ 359], 251,1132 [1383], 250, 109 [ 359], 253,1124 [1377], 250, 116 [ 366]
  16: 248,1130 [1378], 251,1125 [1376], 251, 113 [ 364], 251,1126 [1377], 252, 113 [ 365], 250,1126 [1376], 243, 125 [ 368], 248, 115 [ 363]
  32: 243,1149 [1392], 248,1126 [1374], 243, 124 [ 367], 246, 117 [ 363], 243,1142 [1385], 239, 119 [ 358], 234,1144 [1378], 242,1127 [1369]
  48: 244, 128 [ 372], 245,1126 [1371], 245, 128 [ 373], 244,1127 [1371], 239, 130 [ 369], 243,1129 [1372], 243, 131 [ 374], 233, 125 [ 358]
  64: 236,1162 [1398], 232,1135 [1367], 240, 136 [ 376], 229, 126 [ 355], 234,1148 [1382], 233, 126 [ 359], 240,1142 [1382], 234, 126 [ 360]
  80: 236,1145 [1381], 232, 132 [ 364], 236,1142 [1378], 232, 129 [ 361], 238,1139 [1377], 239,1136 [1375], 239, 130 [ 369], 234,1138 [1372]
  96: 232, 148 [ 380], 236,1141 [1377], 229, 141 [ 370], 232, 134 [ 366], 221,1154 [1375], 234, 130 [ 364], 226,1155 [1381], 231, 132 [ 363]
 112: 225,1152 [1377], 233, 128 [ 361], 229,1152 [1381], 233, 125 [ 358], 232,1151 [1383], 231,1141 [1372], 232, 148 [ 380], 225, 126 [ 351]
 128: 230,1146 [1376], 225,   0 [ 225]
!Rounded 1,2,2
   0: [2740] [ 350] [1380] [ 370] [1380] [ 370] [1380] [ 370]
   8: [1380] [1380] [ 370] [1380] [ 370] [1380] [ 370] [ 370]
  16: [1380] [1380] [ 370] [ 370] [1380] [ 370] [1380] [1380]
  24: [ 370] [1380] [ 370] [1380] [ 370] [1380] [ 370] [ 370]
  32: [1380] [1380] [ 370] [ 370] [1380] [ 370] [1380] [ 370]
  40: [1380] [ 370] [1380] [ 370] [1380] [1380] [ 370] [1380]
  48: [ 370] [1380] [ 370] [ 370] [1380] [ 370] [1380] [ 370]
  56: [1380] [ 370] [1380] [ 370] [1380] [1380] [ 370] [ 370]
  64: [1380] [ 240]
SyncP+S  873 55 A9 96 A9 95 5A 95 59
SyncP+S  873 01010101 10101001 10010110 10101001 10010101 01011010 10010101 01011001 0
!     2,58777,132,131,1, (NewKAKU 0xE9E8382,Off)
RAW P   272, 220, 246,  26,   0, 0 [220-246]
RAW S  2512, 116,1161,1045,  32, 0x4D54AD54 [116-147/1131-1161]
RAW PS 2784, 352,1398,1046,  32, 0x4D54AD54 [352-378/1363-1398]
   0: 272,2512 [2784], 240, 116 [ 356], 246,1141 [1387], 236, 119 [ 355], 242,1143 [1385], 240, 116 [ 356], 242,1135 [1377], 243, 124 [ 367]
  16: 243,1133 [1376], 243,1131 [1374], 245, 123 [ 368], 242,1135 [1377], 243, 122 [ 365], 239,1137 [1376], 234, 130 [ 364], 242, 125 [ 367]
  32: 231,1158 [1389], 242,1135 [1377], 231, 135 [ 366], 238, 125 [ 363], 233,1148 [1381], 232, 128 [ 360], 231,1145 [1376], 239,1143 [1382]
  48: 225, 141 [ 366], 230,1133 [1363], 239, 136 [ 375], 237,1133 [1370], 237, 134 [ 371], 236,1135 [1371], 236, 137 [ 373], 227, 128 [ 355]
  64: 237,1161 [1398], 231,1139 [1370], 234, 139 [ 373], 227, 130 [ 357], 230,1154 [1384], 230, 130 [ 360], 233,1156 [1389], 220, 132 [ 352]
  80: 232,1154 [1386], 226, 132 [ 358], 233,1144 [1377], 236, 130 [ 366], 231,1148 [1379], 229,1145 [1374], 233, 136 [ 369], 229,1145 [1374]
  96: 231, 147 [ 378], 232,1142 [1374], 226, 142 [ 368], 230, 135 [ 365], 221,1156 [1377], 231, 135 [ 366], 220,1157 [1377], 229, 136 [ 365]
 112: 224,1155 [1379], 231, 134 [ 365], 223,1155 [1378], 231, 126 [ 357], 229,1155 [1384], 230,1142 [1372], 230, 144 [ 374], 226, 130 [ 356]
 128: 227,1154 [1381], 223,   0 [ 223]
!Rounded 1,2,2
   0: [2730] [ 360] [1380] [ 360] [1380] [ 360] [1380] [ 360]
   8: [1380] [1380] [ 360] [1380] [ 360] [1380] [ 360] [ 360]
  16: [1380] [1380] [ 360] [ 360] [1380] [ 360] [1380] [1380]
  24: [ 360] [1380] [ 360] [1380] [ 360] [1380] [ 360] [ 360]
  32: [1380] [1380] [ 360] [ 360] [1380] [ 360] [1380] [ 360]
  40: [1380] [ 360] [1380] [ 360] [1380] [1380] [ 360] [1380]
  48: [ 360] [1380] [ 360] [ 360] [1380] [ 360] [1380] [ 360]
  56: [1380] [ 360] [1380] [ 360] [1380] [1380] [ 360] [ 360]
  64: [1380] [ 230]
SyncP+S  870 55 A9 96 A9 95 5A 95 59
SyncP+S  870 01010101 10101001 10010110 10101001 10010101 01011010 10010101 01011001 0
!    41,26365,62,61,1, (ClockMon 43,85)
RAW P   215, 219, 237,  18,   0, 0 [219-237]
RAW S   130, 123,1156,1033,  15, 0x13552B55 [123-147/1136-1156]
RAW PS  345, 357,1387,1030,  15, 0x13552B55 [357-378/1370-1387]
   0: 215, 130 [ 345], 230,1155 [1385], 229, 130 [ 359], 232,1155 [1387], 226, 131 [ 357], 233,1150 [1383], 227, 134 [ 361], 231,1150 [1381]
  16: 231, 130 [ 361], 232,1148 [1380], 232,1144 [1376], 234, 132 [ 366], 231,1145 [1376], 231, 147 [ 378], 234,1143 [1377], 225, 143 [ 368]
  32: 232, 132 [ 364], 225,1152 [1377], 236, 136 [ 372], 219,1156 [1375], 233, 131 [ 364], 223,1154 [1377], 234, 135 [ 369], 221,1152 [1373]
  48: 237, 129 [ 366], 226,1152 [1378], 234,1136 [1370], 236, 138 [ 374], 234, 123 [ 357], 232,1148 [1380], 229,   0 [ 229]
!Rounded 1,2,2
   0: [1380] [1380] [ 370] [1380] [ 370] [1380] [ 370] [1380]
   8: [ 370] [1380] [1380] [ 370] [1380] [ 370] [1380] [ 370]
  16: [ 370] [1380] [ 370] [1380] [ 370] [1380] [ 370] [1380]
  24: [ 370] [1380] [1380] [ 370] [ 370] [1380] [ 230]
SyncP+S  874 AA D4 AA
SyncP+S  874 10101010 11010100 10101010 110010
Mon 2011-08-15 11:51:01, Input, (0x4000)
Mon 2011-08-15 11:51:05
*  4927,12738,32,31,1, (0x4000)
RAW P   770, 367, 378,  11,  15, 0x7FFF [367-378]
RAW S  1195, 329, 339,  10,  14, 0x3FFF [329-339]
RAW PS 1965, 706, 717,  11,  29, 0x4000 [706-717]
   0: 770,1195 [1965], 394, 340 [ 734], 372, 339 [ 711], 372, 335 [ 707], 371, 339 [ 710], 378, 329 [ 707], 377, 334 [ 711], 377, 329 [ 706]
  16: 378, 339 [ 717], 372, 339 [ 711], 367, 339 [ 706], 372, 339 [ 711], 378, 329 [ 707], 377, 334 [ 711], 377, 329 [ 706], 818,   0 [ 818]
!Rounded 1,1,1
   0: [1970] [ 730] [ 700] [ 700] [ 700] [ 700] [ 700] [ 700]
   8: [ 700] [ 700] [ 700] [ 700] [ 700] [ 700] [ 700] [ 818]
!    78,19235,40,39,1, (0x40008)
RAW P  2653, 396,1289, 893,   2, 0x40008 [396-408/1289-1289]
RAW S   749, 303,1192, 889,   1, 8 [303-315/746-1192]
RAW PS 3402, 706,2481,1775,   3, 0x40000 [706-717/1150-2481]
   0:2653, 749 [3402], 404, 746 [1150], 401, 310 [ 711], 408, 303 [ 711],1289,1192 [2481], 402, 310 [ 712], 396, 315 [ 711], 397, 309 [ 706]
  16: 402, 309 [ 711], 403, 305 [ 708], 408, 303 [ 711], 403, 305 [ 708], 407, 310 [ 717], 397, 309 [ 706], 402, 309 [ 711], 397, 315 [ 712]
  32: 403, 303 [ 706], 408, 303 [ 711], 403, 303 [ 706], 844,   0 [ 844]
!Rounded 2,2,2,1
   0:2700, 970, 360, 970, 360, 360, 360, 360,1290, 970, 360, 360, 360, 360, 360, 360
  16: 360, 360, 360, 360, 360, 360, 360, 360, 360, 360, 360, 360, 360, 360, 360, 360
  32: 360, 360, 360, 360, 360, 360, 844,   0
Mon 2011-08-15 11:51:06, Input, (200)
Mon 2011-08-15 11:51:09
*  3683,19099,18,14,4, (200)
RAW P  1562, 272,2323,2051,   3, 200 [272-429/1065-1098/2323-2323]
RAW S  1259,1239,1370, 131,   1, 64 [1239-1370]
RAW PS 2821,1642,3586,1944,   4, 136 [1642-1642/2337-3586]
   0:1562,1259 [2821], 189,  11 [ 200],1098,1239 [2337], 429,   1 [ 430],2323,1263 [3586],1065,   1 [1066], 272,1370 [1642],1315,2732 [4047]
  16:2970,   0 [2970]
!Rounded 3,1,2
   0: [2860] [ 201] [2380] [ 351] [3600] [1081] [1650] [4047]
   8: [2970]
SyncP+S 1989 53
SyncP+S 1989 01010011
!   106,24596,22,20,2, (0x3CF)
RAW P   131, 404,1542,1138,   8, 0x3CF [404-404/966-966/1517-1542]
RAW S  1228,1164,1218,  54,   0, 0 [1164-1218]
RAW PS 1359,1568,2756,1188,   8, 0x3CF [1568-1568/2729-2756]
   0: 131,1228 [1359],1517,1214 [2731],1518,1211 [2729],1525,1209 [2734],1532,1215 [2747], 966,   1 [ 967], 404,1164 [1568],1542,1214 [2756]
  16:1534,1218 [2752],1515,1196 [2711],1542,   0 [1542]
!Rounded 3,1,2
   0: [2720] [2720] [2720] [2720] [2720] [ 971] [1590] [2720]
   8: [2720] [2705] [1530]
SyncP+S 2148 F3
SyncP+S 2148 11110011 10
Mon 2011-08-15 11:51:16, Input, (0x8C19B030)
Mon 2011-08-15 11:51:19
*  9948,43919,232,231,1, (0x8C19B030)
RAW P   992, 329, 924, 595,  85, 0xB7AA97D7 [329-398/815-924]
RAW S   854, 345, 952, 607,  84, 0x3BB327E7 [345-435/846-952]
RAW PS 1846, 743,1793,1050, 169, 0x8C19B030 [743-790/1280-1327/1742-1793]
   0: 992, 854 [1846], 917, 853 [1770], 898, 846 [1744], 892, 878 [1770], 895, 873 [1768], 902, 871 [1773], 895, 879 [1774], 896, 846 [1742]
  16: 917, 852 [1769], 894, 879 [1773], 884, 888 [1772], 889, 884 [1773], 896, 848 [1744], 920, 859 [1779], 882, 890 [1772], 878, 890 [1768]
  32: 878, 409 [1287], 385, 917 [1302], 395, 357 [ 752], 917, 379 [1296], 379, 922 [1301], 398, 345 [ 743], 924, 398 [1322], 385, 908 [1293]
  48: 370, 395 [ 765], 917, 373 [1290], 394, 910 [1304], 834, 932 [1766], 369, 408 [ 777], 905, 379 [1284], 375, 923 [1298], 381, 372 [ 753]
  64: 909, 864 [1773], 911, 848 [1759], 910, 417 [1327], 372, 911 [1283], 833, 921 [1754], 858, 929 [1787], 840, 927 [1767], 825, 926 [1751]
  80: 858, 924 [1782], 822, 932 [1754], 850, 933 [1783], 823, 922 [1745], 832, 929 [1761], 859, 932 [1791], 829, 929 [1758], 381, 378 [ 759]
  96: 895, 402 [1297], 362, 930 [1292], 861, 923 [1784], 839, 922 [1761], 823, 933 [1756], 373, 414 [ 787], 866, 421 [1287], 339, 941 [1280]
 112: 860, 923 [1783], 821, 933 [1754], 818, 941 [1759], 852, 932 [1784], 828, 937 [1765], 838, 928 [1766], 832, 926 [1758], 853, 940 [1793]
 128: 821, 934 [1755], 815, 934 [1749], 851, 933 [1784], 821, 927 [1748], 853, 926 [1779], 822, 932 [1754], 856, 927 [1783], 819, 937 [1756]
 144: 827, 933 [1760], 854, 928 [1782], 821, 932 [1753], 371, 419 [ 790], 865, 894 [1759], 866, 429 [1295], 364, 936 [1300], 345, 419 [ 764]
 160: 865, 435 [1300], 329, 952 [1281], 840, 939 [1779], 818, 927 [1745], 851, 930 [1781], 825, 932 [1757], 832, 934 [1766], 371, 394 [ 765]
 176: 897, 404 [1301], 362, 935 [1297], 845, 929 [1774], 835, 927 [1762], 838, 937 [1775], 819, 930 [1749], 852, 934 [1786], 365, 379 [ 744]
 192: 895, 407 [1302], 354, 935 [1289], 377, 410 [ 787], 871, 424 [1295], 335, 946 [1281], 850, 932 [1782], 345, 419 [ 764], 870, 424 [1294]
 208: 338, 943 [1281], 851, 930 [1781], 362, 381 [ 743], 897, 878 [1775], 895, 885 [1780], 867, 903 [1770], 866, 415 [1281], 360, 933 [1293]
 224: 825, 943 [1768], 853, 927 [1780], 344, 422 [ 766], 896,   0 [ 896]
!Rounded 2,2,3,2
   0: 880, 880, 880, 880, 880, 880, 880, 880, 880, 880, 880, 880, 880, 880, 880, 880
  16: 880, 880, 880, 880, 880, 880, 880, 880, 880, 880, 880, 880, 880, 880, 880, 880
  32: 880, 380, 380, 880, 380, 380, 880, 380, 380, 880, 380, 380, 880, 380, 380, 880
  48: 380, 380, 880, 380, 380, 880, 880, 880, 380, 380, 880, 380, 380, 880, 380, 380
  64: 880, 880, 880, 880, 880, 380, 380, 880, 880, 880, 880, 880, 880, 880, 880, 880
  80: 880, 880, 880, 880, 880, 880, 880, 880, 880, 880, 880, 880, 880, 880, 380, 380
  96: 880, 380, 380, 880, 880, 880, 880, 880, 880, 880, 380, 380, 880, 380, 380, 880
 112: 880, 880, 880, 880, 880, 880, 880, 880, 880, 880, 880, 880, 880, 880, 880, 880
 128: 880, 880, 880, 880, 880, 880, 880, 880, 880, 880, 880, 880, 880, 880, 880, 880
 144: 880, 880, 880, 880, 880, 880, 380, 380, 880, 880, 880, 380, 380, 880, 380, 380
 160: 880, 380, 380, 880, 880, 880, 880, 880, 880, 880, 880, 880, 880, 880, 380, 380
 176: 880, 380, 380, 880, 880, 880, 880, 880, 880, 880, 880, 880, 880, 880, 380, 380
 192: 880, 380, 380, 880, 380, 380, 880, 380, 380, 880, 880, 880, 380, 380, 880, 380
 208: 380, 880, 880, 880, 380, 380, 880, 880, 880, 880, 880, 880, 880, 380, 380, 880
 224: 880, 880, 880, 880, 380, 380, 880,   0
PreAmble Long 29 203 A 2 D 1 0 0 2 4 0 0 0 0 8 5 0 2 0 5 2 F 0 8
!    12,43585,232,231,1, (0x8C19B030)
RAW P   614, 333, 909, 576,  85, 0xB7AA97D7 [333-389/810-909]
RAW S   907, 370, 949, 579,  84, 0x3BB327E7 [370-438/861-949]
RAW PS 1521, 747,1791,1044, 169, 0x8C19B030 [747-788/1272-1317/1742-1791]
   0: 614, 907 [1521], 864, 902 [1766], 873, 869 [1742], 865, 910 [1775], 867, 907 [1774], 867, 907 [1774], 865, 905 [1770], 872, 871 [1743]
  16: 873, 897 [1770], 866, 911 [1777], 860, 914 [1774], 861, 902 [1763], 867, 876 [1743], 896, 877 [1773], 869, 902 [1771], 865, 914 [1779]
  32: 854, 438 [1292], 363, 937 [1300], 340, 422 [ 762], 897, 390 [1287], 362, 932 [1294], 378, 373 [ 751], 901, 416 [1317], 369, 939 [1308]
  48: 338, 423 [ 761], 866, 434 [1300], 359, 934 [1293], 820, 930 [1750], 362, 409 [ 771], 904, 389 [1293], 366, 928 [1294], 384, 370 [ 754]
  64: 909, 869 [1778], 901, 861 [1762], 905, 394 [1299], 367, 933 [1300], 847, 930 [1777], 820, 935 [1755], 850, 930 [1780], 820, 932 [1752]
  80: 851, 940 [1791], 810, 935 [1745], 826, 932 [1758], 850, 935 [1785], 825, 936 [1761], 846, 935 [1781], 826, 936 [1762], 339, 422 [ 761]
  96: 896, 394 [1290], 360, 936 [1296], 815, 949 [1764], 823, 946 [1769], 815, 946 [1761], 376, 407 [ 783], 867, 430 [1297], 333, 940 [1273]
 112: 838, 936 [1774], 845, 935 [1780], 815, 930 [1745], 852, 935 [1787], 828, 929 [1757], 840, 934 [1774], 819, 935 [1754], 848, 934 [1782]
 128: 828, 929 [1757], 822, 929 [1751], 853, 928 [1781], 829, 935 [1764], 846, 928 [1774], 823, 933 [1756], 852, 924 [1776], 823, 930 [1753]
 144: 832, 927 [1759], 858, 922 [1780], 829, 922 [1751], 389, 396 [ 785], 883, 879 [1762], 877, 423 [1300], 372, 922 [1294], 376, 375 [ 751]
 160: 907, 386 [1293], 377, 924 [1301], 859, 923 [1782], 828, 923 [1751], 854, 924 [1778], 828, 924 [1752], 835, 927 [1762], 386, 379 [ 765]
 176: 905, 391 [1296], 372, 923 [1295], 859, 920 [1779], 841, 922 [1763], 856, 924 [1780], 823, 928 [1751], 823, 936 [1759], 372, 416 [ 788]
 192: 876, 416 [1292], 344, 935 [1279], 382, 402 [ 784], 875, 429 [1304], 337, 935 [1272], 858, 926 [1784], 352, 410 [ 762], 876, 426 [1302]
 208: 337, 935 [1272], 859, 927 [1786], 365, 382 [ 747], 904, 864 [1768], 907, 882 [1789], 873, 895 [1768], 875, 402 [1277], 373, 926 [1299]
 224: 820, 943 [1763], 848, 935 [1783], 347, 413 [ 760], 902,   0 [ 902]
!Rounded 2,2,3,2
   0: 880, 880, 880, 880, 880, 880, 880, 880, 880, 880, 880, 880, 880, 880, 880, 880
  16: 880, 880, 880, 880, 880, 880, 880, 880, 880, 880, 880, 880, 880, 880, 880, 880
  32: 880, 390, 390, 880, 390, 390, 880, 390, 390, 880, 390, 390, 880, 390, 390, 880
  48: 390, 390, 880, 390, 390, 880, 880, 880, 390, 390, 880, 390, 390, 880, 390, 390
  64: 880, 880, 880, 880, 880, 390, 390, 880, 880, 880, 880, 880, 880, 880, 880, 880
  80: 880, 880, 880, 880, 880, 880, 880, 880, 880, 880, 880, 880, 880, 880, 390, 390
  96: 880, 390, 390, 880, 880, 880, 880, 880, 880, 880, 390, 390, 880, 390, 390, 880
 112: 880, 880, 880, 880, 880, 880, 880, 880, 880, 880, 880, 880, 880, 880, 880, 880
 128: 880, 880, 880, 880, 880, 880, 880, 880, 880, 880, 880, 880, 880, 880, 880, 880
 144: 880, 880, 880, 880, 880, 880, 390, 390, 880, 880, 880, 390, 390, 880, 390, 390
 160: 880, 390, 390, 880, 880, 880, 880, 880, 880, 880, 880, 880, 880, 880, 390, 390
 176: 880, 390, 390, 880, 880, 880, 880, 880, 880, 880, 880, 880, 880, 880, 390, 390
 192: 880, 390, 390, 880, 390, 390, 880, 390, 390, 880, 880, 880, 390, 390, 880, 390
 208: 390, 880, 880, 880, 390, 390, 880, 880, 880, 880, 880, 880, 880, 390, 390, 880
 224: 880, 880, 880, 880, 390, 390, 880,   0
PreAmble Long 29 203 A 2 D 1 0 0 2 4 0 0 0 0 8 5 0 2 0 5 2 F 0 8
Mon 2011-08-15 11:51:21, Input, (0x80019)
Mon 2011-08-15 11:51:23
*  3866,19062,42,41,1, (0x80019)
RAW P  2649, 396, 842, 446,   2, 0x80010 [396-403/842-842]
RAW S   758, 303, 750, 447,   2, 9 [303-315/750-750]
RAW PS 3407, 706,1157, 451,   4, 0x80019 [706-717/1145-1157]
   0:2649, 758 [3407], 395, 750 [1145], 403, 305 [ 708], 403, 314 [ 717], 397, 750 [1147], 842, 315 [1157], 403, 303 [ 706], 403, 308 [ 711]
  16: 403, 305 [ 708], 403, 314 [ 717], 397, 310 [ 707], 397, 314 [ 711], 397, 314 [ 711], 397, 309 [ 706], 403, 308 [ 711], 403, 305 [ 708]
  32: 403, 308 [ 711], 403, 310 [ 713], 396, 315 [ 711], 396, 315 [ 711], 839,   0 [ 839]
!Rounded 2,2,2,2
   0:2600, 800, 350, 800, 350, 350, 350, 350, 350, 800, 800, 350, 350, 350, 350, 350
  16: 350, 350, 350, 350, 350, 350, 350, 350, 350, 350, 350, 350, 350, 350, 350, 350
  32: 350, 350, 350, 350, 350, 350, 350, 350, 800,   0
!    79,19065,42,41,1, (0x80019)
RAW P  2651, 397, 842, 445,   2, 0x80010 [397-408/842-842]
RAW S   755, 303, 750, 447,   2, 9 [303-314/750-750]
RAW PS 3406, 706,1152, 446,   4, 0x80019 [706-718/1145-1152]
   0:2651, 755 [3406], 395, 750 [1145], 407, 305 [ 712], 403, 314 [ 717], 397, 750 [1147], 842, 310 [1152], 407, 305 [ 712], 403, 303 [ 706]
  16: 408, 303 [ 711], 403, 314 [ 717], 397, 310 [ 707], 397, 314 [ 711], 397, 309 [ 706], 397, 314 [ 711], 403, 305 [ 708], 407, 305 [ 712]
  32: 403, 303 [ 706], 408, 310 [ 718], 397, 314 [ 711], 396, 310 [ 706], 844,   0 [ 844]
!Rounded 2,2,2,2
   0:2700, 800, 360, 800, 360, 360, 360, 360, 360, 800, 800, 360, 360, 360, 360, 360
  16: 360, 360, 360, 360, 360, 360, 360, 360, 360, 360, 360, 360, 360, 360, 360, 360
  32: 360, 360, 360, 360, 360, 360, 360, 360, 844,   0
Mon 2011-08-15 11:51:36, Input, (48)
Mon 2011-08-15 11:51:39
* 16066, 2999,78,77,1, (48)
RAW P  1588,1504,5554,4050,   1, 32 [1504-1650/2962-3030/5554-5554]
RAW S  1214,1116,5182,4066,   2, 48 [1116-1239/2643-2680/4202-5182]
RAW PS 2802,2673,10736,8063,   3, 16 [2673-2774/4183-4196/5656-5734/10736-10736]
   0:1588,1214 [2802],1517,1183 [2700],1650,1116 [2766],1557,1206 [2763],1504,1169 [2673],1589,1170 [2759],1560,1182 [2742],1522,1218 [2740]
  16:1561,1190 [2751],1536,1211 [2747],1521,1203 [2724],1532,4202 [5734],5554,5182 [10736],1563,1186 [2749],1538,1189 [2727],1540,1201 [2741]
  32:1544,2652 [4196],1562,1177 [2739],1555,1170 [2725],1569,1170 [2739],3030,1162 [4192],1537,1201 [2738],1547,2643 [4190],1548,1186 [2734]
  48:3013,2643 [5656],1548,1183 [2731],1555,1190 [2745],3018,2645 [5663],1538,1189 [2727],1528,1239 [2767],1509,1228 [2737],1505,1206 [2711]
  64:2981,2680 [5661],1519,1200 [2719],1557,1217 [2774],2962,1221 [4183],1511,1231 [2742],1498,2689 [4187],2961,   0 [2961]
!Rounded 3,3,4,0
   0:1580,1180,1580,1180,1580,1180,1580,1180,1580,1180,1580,1180,1580,1180,1580,1180
  16:1580,1180,1580,1180,1580,1180,1580,4700,5600,4700,1580,1180,1580,1180,1580,1180
  32:1580,2700,1580,1180,1580,1180,1580,1180,3000,1180,1580,1180,1580,2700,1580,1180
  48:3000,2700,1580,1180,1580,1180,3000,2700,1580,1180,1580,1180,1580,1180,1580,1180
  64:3000,2700,1580,1180,1580,1180,3000,1180,1580,1180,1498,2689,2961,   0
PreAmble Sync 19 56 07 E1 BD FE F0 02
PreAmble Sync 19 56 00000111 11100001 10111101 11111110 11110000 10
!   202,36229,22,21,1, (0x340)
RAW P  1547,1504,2985,1481,   3, 0x248 [1504-1545/2982-2985]
RAW S  1188,1181,2676,1495,   2, 0x108 [1181-1226/2676-2676]
RAW PS 2735,2719,5658,2939,   5, 0x340 [2719-2757/4207-5658]
   0:1547,1188 [2735],1545,1212 [2757],1532,1212 [2744],1519,1218 [2737],2982,2676 [5658],1504,1226 [2730],1521,1205 [2726],2985,1222 [4207]
  16:1538,1181 [2719],1545,2640 [4185],3031,   0 [3031]
!Rounded 2,2,2,0
   0:1520,1200,1520,1200,1520,1200,1520,1200,3000,2700,1520,1200,1520,1200,3000,1200
  16:1520,1200,1520,2640,3031,   0
Mon 2011-08-15 11:52:01, Input, (0x1F8F38)
Mon 2011-08-15 11:52:06
* 26527,32597,44,43,1, (0x1F8F38)
RAW P  3953, 498, 530,  32,  21, 0x1FFFFF [498-530]
RAW S   405, 414,1551,1137,   8, 0x70C7 [414-445/1522-1551]
RAW PS 4358, 938,2053,1115,  29, 0x1F8F38 [938-951/2045-2053]
   0:3953, 405 [4358], 527,1523 [2050], 524,1528 [2052], 523,1522 [2045], 530, 414 [ 944], 530, 415 [ 945], 521, 426 [ 947], 521,1532 [2053]
  16: 511,1540 [2051], 518, 433 [ 951], 510, 434 [ 944], 506, 433 [ 939], 509, 436 [ 945], 509,1543 [2052], 506,1544 [2050], 500,1551 [2051]
  32: 498, 445 [ 943], 508, 443 [ 951], 499, 439 [ 938], 504, 441 [ 945], 502, 442 [ 944], 499,   0 [ 499]
!Rounded 1,2,2
   0: [5540] [2050] [2050] [2050] [ 940] [ 940] [ 940] [2050]
   8: [2050] [ 940] [ 940] [ 940] [ 940] [2050] [2050] [2050]
  16: [ 940] [ 940] [ 940] [ 940] [ 940] [ 510]
SyncP+S 1498 E3 0E
SyncP+S 1498 11100011 00001110 00000
!     1,32577,44,43,1, (0x1F8F38)
RAW P  3909, 480, 496,  16,  21, 0x1FFFFF [480-496]
RAW S   449, 454,1572,1118,   8, 0x70C7 [454-462/1561-1572]
RAW PS 4358, 943,2053,1110,  29, 0x1F8F38 [943-953/2044-2053]
   0:3909, 449 [4358], 487,1562 [2049], 490,1561 [2051], 484,1567 [2051], 485, 458 [ 943], 486, 458 [ 944], 486, 459 [ 945], 484,1563 [2047]
  16: 489,1562 [2051], 496, 454 [ 950], 485, 459 [ 944], 485, 460 [ 945], 484, 461 [ 945], 481,1572 [2053], 480,1564 [2044], 487,1563 [2050]
  32: 489, 454 [ 943], 496, 457 [ 953], 481, 462 [ 943], 483, 462 [ 945], 480, 466 [ 946], 477,   0 [ 477]
!Rounded 1,2,2
   0: [5470] [2060] [2060] [2060] [ 950] [ 950] [ 950] [2060]
   8: [2060] [ 950] [ 950] [ 950] [ 950] [2060] [2060] [2060]
  16: [ 950] [ 950] [ 950] [ 950] [ 956] [ 477]
SyncP+S 1498 E3 0E
SyncP+S 1498 11100011 00001110 00000
!     1,32568,44,43,1, (0x1F8F38)
RAW P  3898, 468, 486,  18,  21, 0x1FFFFF [468-486]
RAW S   470, 464,1582,1118,   8, 0x70C7 [464-471/1574-1582]
RAW PS 4368, 937,2052,1115,  29, 0x1F8F38 [937-951/2044-2052]
   0:3898, 470 [4368], 467,1581 [2048], 470,1574 [2044], 477,1574 [2051], 478, 465 [ 943], 479, 465 [ 944], 473, 471 [ 944], 471,1581 [2052]
  16: 470,1581 [2051], 478, 464 [ 942], 480, 465 [ 945], 480, 465 [ 945], 478, 467 [ 945], 476,1576 [2052], 468,1582 [2050], 470,1580 [2050]
  32: 472, 465 [ 937], 486, 465 [ 951], 479, 465 [ 944], 478, 466 [ 944], 478, 467 [ 945], 473,   0 [ 473]
!Rounded 1,2,2
   0: [5480] [2050] [2060] [2060] [ 950] [ 950] [ 950] [2060]
   8: [2060] [ 950] [ 950] [ 950] [ 950] [2060] [2060] [2060]
  16: [ 950] [ 950] [ 950] [ 950] [ 950] [ 480]
SyncP+S 1497 E3 0E
SyncP+S 1497 11100011 00001110 00000
!     1,32570,44,43,1, (0x1F8F38)
RAW P  3888, 466, 477,  11,  21, 0x1FFFFF [466-477]
RAW S   468, 468,1585,1117,   8, 0x70C7 [468-477/1578-1585]
RAW PS 4356, 939,2052,1113,  29, 0x1F8F38 [939-953/2046-2052]
   0:3888, 468 [4356], 470,1580 [2050], 466,1585 [2051], 467,1585 [2052], 468, 474 [ 942], 471, 468 [ 939], 476, 470 [ 946], 474,1578 [2052]
  16: 473,1579 [2052], 476, 474 [ 950], 470, 476 [ 946], 470, 476 [ 946], 468, 477 [ 945], 467,1579 [2046], 472,1580 [2052], 472,1579 [2051]
  32: 467, 476 [ 943], 477, 476 [ 953], 468, 477 [ 945], 468, 477 [ 945], 467, 471 [ 938], 470,   0 [ 470]
!Rounded 1,2,2
   0: [5480] [2050] [2050] [2050] [ 940] [ 940] [ 940] [2050]
   8: [2050] [ 940] [ 940] [ 940] [ 940] [2050] [2050] [2050]
  16: [ 940] [ 940] [ 940] [ 940] [ 940] [ 470]
SyncP+S 1499 E3 0E
SyncP+S 1499 11100011 00001110 00000
!     1,32559,44,43,1, (0x1F8F38)
RAW P  3885, 459, 476,  17,  21, 0x1FFFFF [459-476]
RAW S   481, 474,1592,1118,   8, 0x70C7 [474-483/1583-1592]
RAW PS 4366, 942,2053,1111,  29, 0x1F8F38 [942-952/2043-2053]
   0:3885, 481 [4366], 457,1586 [2043], 466,1585 [2051], 467,1583 [2050], 462, 480 [ 942], 464, 481 [ 945], 464, 481 [ 945], 462,1591 [2053]
  16: 460,1585 [2045], 474, 474 [ 948], 470, 476 [ 946], 468, 477 [ 945], 461, 483 [ 944], 461,1592 [2053], 459,1592 [2051], 460,1585 [2045]
  32: 467, 476 [ 943], 476, 476 [ 952], 468, 477 [ 945], 467, 478 [ 945], 460, 484 [ 944], 458,   0 [ 458]
!Rounded 1,2,2
   0: [5490] [2050] [2060] [2060] [ 950] [ 950] [ 950] [2060]
   8: [2060] [ 950] [ 950] [ 950] [ 950] [2060] [2060] [2060]
  16: [ 950] [ 950] [ 950] [ 950] [ 954] [ 458]
SyncP+S 1497 E3 0E
SyncP+S 1497 11100011 00001110 00000
!   334,43914,232,231,1, (0x8C19B030)
RAW P   991, 335, 936, 601,  85, 0xB7AA97D7 [335-394/813-936]
RAW S   871, 362, 952, 590,  84, 0x3BB327E7 [362-433/835-952]
RAW PS 1862, 741,1793,1052, 169, 0x8C19B030 [741-782/1278-1332/1739-1793]
   0: 991, 871 [1862], 910, 856 [1766], 904, 835 [1739], 936, 842 [1778], 894, 871 [1765], 903, 880 [1783], 902, 870 [1772], 895, 872 [1767]
  16: 907, 840 [1747], 888, 882 [1770], 884, 890 [1774], 883, 888 [1771], 885, 890 [1775], 876, 863 [1739], 882, 888 [1770], 878, 894 [1772]
  32: 873, 417 [1290], 388, 915 [1303], 390, 362 [ 752], 914, 379 [1293], 384, 920 [1304], 394, 371 [ 765], 914, 402 [1316], 348, 933 [1281]
  48: 391, 390 [ 781], 879, 419 [1298], 353, 927 [1280], 861, 920 [1781], 375, 366 [ 741], 915, 389 [1304], 371, 922 [1293], 386, 382 [ 768]
  64: 908, 872 [1780], 911, 839 [1750], 908, 386 [1294], 381, 928 [1309], 852, 924 [1776], 829, 926 [1755], 833, 928 [1761], 858, 922 [1780]
  80: 825, 928 [1753], 858, 923 [1781], 839, 924 [1763], 856, 922 [1778], 822, 928 [1750], 857, 929 [1786], 828, 933 [1761], 345, 416 [ 761]
  96: 903, 379 [1282], 371, 932 [1303], 820, 943 [1763], 851, 927 [1778], 823, 930 [1753], 381, 401 [ 782], 871, 428 [1299], 335, 943 [1278]
 112: 835, 927 [1762], 852, 932 [1784], 822, 926 [1748], 856, 930 [1786], 828, 932 [1760], 841, 932 [1773], 820, 933 [1753], 851, 929 [1780]
 128: 829, 933 [1762], 819, 933 [1752], 852, 929 [1781], 826, 929 [1755], 834, 940 [1774], 819, 941 [1760], 852, 934 [1786], 814, 935 [1749]
 144: 850, 934 [1784], 815, 933 [1748], 847, 937 [1784], 347, 411 [ 758], 871, 891 [1762], 899, 392 [1291], 365, 932 [1297], 376, 382 [ 758]
 160: 898, 424 [1322], 360, 933 [1293], 826, 932 [1758], 842, 933 [1775], 821, 928 [1749], 852, 932 [1784], 831, 929 [1760], 350, 413 [ 763]
 176: 901, 395 [1296], 360, 934 [1294], 816, 941 [1757], 857, 936 [1793], 814, 935 [1749], 848, 932 [1780], 818, 937 [1755], 360, 389 [ 749]
 192: 897, 428 [1325], 338, 945 [1283], 378, 373 [ 751], 899, 433 [1332], 351, 930 [1281], 828, 935 [1763], 378, 375 [ 753], 897, 404 [1301]
 208: 360, 935 [1295], 853, 934 [1787], 351, 390 [ 741], 899, 885 [1784], 895, 873 [1768], 870, 872 [1742], 898, 408 [1306], 367, 934 [1301]
 224: 813, 952 [1765], 841, 935 [1776], 347, 414 [ 761], 871,   0 [ 871]
!Rounded 2,2,3,2
   0: 880, 880, 880, 880, 880, 880, 880, 880, 880, 880, 880, 880, 880, 880, 880, 880
  16: 880, 880, 880, 880, 880, 880, 880, 880, 880, 880, 880, 880, 880, 880, 880, 880
  32: 880, 380, 380, 880, 380, 380, 880, 380, 380, 880, 380, 380, 880, 380, 380, 880
  48: 380, 380, 880, 380, 380, 880, 880, 880, 380, 380, 880, 380, 380, 880, 380, 380
  64: 880, 880, 880, 880, 880, 380, 380, 880, 880, 880, 880, 880, 880, 880, 880, 880
  80: 880, 880, 880, 880, 880, 880, 880, 880, 880, 880, 880, 880, 880, 880, 380, 380
  96: 880, 380, 380, 880, 880, 880, 880, 880, 880, 880, 380, 380, 880, 380, 380, 880
 112: 880, 880, 880, 880, 880, 880, 880, 880, 880, 880, 880, 880, 880, 880, 880, 880
 128: 880, 880, 880, 880, 880, 880, 880, 880, 880, 880, 880, 880, 880, 880, 880, 880
 144: 880, 880, 880, 880, 880, 880, 380, 380, 880, 880, 880, 380, 380, 880, 380, 380
 160: 880, 380, 380, 880, 880, 880, 880, 880, 880, 880, 880, 880, 880, 880, 380, 380
 176: 880, 380, 380, 880, 880, 880, 880, 880, 880, 880, 880, 880, 880, 880, 380, 380
 192: 880, 380, 380, 880, 380, 380, 880, 380, 380, 880, 880, 880, 380, 380, 880, 380
 208: 380, 880, 880, 880, 380, 380, 880, 880, 880, 880, 880, 880, 880, 380, 380, 880
 224: 880, 880, 880, 880, 380, 380, 880,   0
PreAmble Long 29 203 A 2 D 1 0 0 2 4 0 0 0 0 8 5 0 2 0 5 2 F 0 8

PreAmble Long 29 203 A 2 D 1 0 0 2 4 0 0 0 0 8 5 0 2 0 5 2 F 0 8

Mon 2011-08-15 11:52:07, Input, (48)
Mon 2011-08-15 11:52:09
*  3473, 2963,78,77,1, (48)
RAW P  1551,1507,5592,4085,   1, 32 [1507-1607/2960-2998/5592-5592]
RAW S  1198,1151,5176,4025,   2, 48 [1151-1245/2633-2677/4185-5176]
RAW PS 2749,2714,10768,8054,   3, 16 [2714-2759/4169-4193/5633-5732/10768-10768]
   0:1551,1198 [2749],1607,1124 [2731],1561,1171 [2732],1569,1168 [2737],1581,1151 [2732],1572,1184 [2756],1550,1183 [2733],1572,1169 [2741]
  16:1545,1187 [2732],1542,1189 [2731],1562,1173 [2735],1547,4185 [5732],5592,5176 [10768],1553,1192 [2745],1553,1168 [2721],1551,1189 [2740]
  32:1560,2633 [4193],1554,1205 [2759],1541,1188 [2729],1537,1206 [2743],2988,1181 [4169],1553,1196 [2749],1528,2665 [4193],1549,1188 [2737]
  48:2998,2655 [5653],1529,1199 [2728],1545,1211 [2756],2970,2663 [5633],1553,1190 [2743],1535,1200 [2735],1534,1214 [2748],1519,1232 [2751]
  64:2966,2677 [5643],1507,1245 [2752],1512,1202 [2714],2960,1227 [4187],1525,1232 [2757],1513,2653 [4166],2982,   0 [2982]
!Rounded 3,3,4,0
   0:1560,1120,1560,1120,1560,1200,1560,1200,1560,1200,1560,1200,1560,1200,1560,1200
  16:1560,1200,1560,1200,1560,1200,1560,4700,5600,4700,1560,1200,1560,1200,1560,1200
  32:1560,2700,1560,1200,1560,1200,1560,1200,3000,1200,1560,1200,1560,2700,1560,1200
  48:3000,2700,1560,1200,1560,1200,3000,2700,1560,1200,1560,1200,1560,1200,1560,1200
  64:3000,2700,1560,1200,1560,1200,3000,1200,1560,1200,1560,2700,3000,   0
PreAmble Sync 19 56 07 E1 BD FE F0 02
PreAmble Sync 19 56 00000111 11100001 10111101 11111110 11110000 10
!    99, 3050,78,77,1, (48)
RAW P  1605,1480,5572,4092,   1, 32 [1480-1582/2969-3012/5572-5572]
RAW S  1169,1168,5172,4004,   2, 48 [1168-1266/2593-2671/4172-5172]
RAW PS 2774,2698,10744,8046,   3, 16 [2698-2779/4163-4206/5631-5722/10744-10744]
   0:1605,1169 [2774],1569,1173 [2742],1561,1173 [2734],1556,1175 [2731],1562,1175 [2737],1560,1186 [2746],1545,1188 [2733],1545,1199 [2744]
  16:1542,1198 [2740],1550,1179 [2729],1566,1177 [2743],1550,4172 [5722],5572,5172 [10744],1548,1199 [2747],1568,1173 [2741],1556,1189 [2745]
  32:1582,2593 [4175],1576,1168 [2744],1573,1174 [2747],1537,1208 [2745],2992,1186 [4178],1532,1205 [2737],1540,2666 [4206],1548,1206 [2754]
  48:2978,2653 [5631],1526,1212 [2738],1538,1187 [2725],3012,2651 [5663],1522,1208 [2730],1548,1190 [2738],1524,1226 [2750],1515,1221 [2736]
  64:2985,2671 [5656],1513,1266 [2779],1480,1218 [2698],2969,1194 [4163],1547,1186 [2733],1547,2633 [4180],3064,   0 [3064]
!Rounded 3,3,4,0
   0:1530,1220,1530,1220,1530,1220,1530,1220,1530,1220,1530,1220,1530,1220,1530,1220
  16:1530,1220,1530,1220,1530,1220,1530,4700,5600,4700,1530,1220,1530,1220,1530,1220
  32:1530,2600,1530,1220,1530,1220,1530,1220,3000,1220,1530,1220,1530,2600,1530,1220
  48:3000,2600,1530,1220,1530,1220,3000,2600,1530,1220,1530,1220,1530,1220,1530,1220
  64:3000,2600,1530,1220,1530,1220,3000,1220,1530,1220,1530,2600,3064,   0
PreAmble Sync 19 56 07 E1 BD FE F0 02
PreAmble Sync 19 56 00000111 11100001 10111101 11111110 11110000 10
Mon 2011-08-15 12:18:01, Input, (0xBF6171AF)


Panasonic DVD system on
#define PANASONIC_HDR_MARK 3502
#define PANASONIC_HDR_SPACE 1750
#define PANASONIC_BIT_MARK 502
#define PANASONIC_ONE_SPACE 1244
#define PANASONIC_ZERO_SPACE 370

40 04 05 38 BC 81

Mon 2011-08-15 12:18:04
*  6943,50774,100,99,1, (0xBF6171AF)
RAW P  3454, 383, 395,  12,  49, 0xFFFFFFFF [383-395]
RAW S  1597, 294,1170, 876,  14, 0x409E8E50 [294-306/1163-1170]
RAW PS 5051, 688,1564, 876,  63, 0xBF6171AF [688-700/1553-1564]
   0:3454,1597 [5051], 390, 299 [ 689], 394,1167 [1561], 388, 305 [ 693], 388, 301 [ 689], 388, 306 [ 694], 390, 299 [ 689], 394, 295 [ 689]
  16: 394, 305 [ 699], 384, 306 [ 690], 388, 301 [ 689], 388, 306 [ 694], 383, 305 [ 688], 394, 295 [ 689], 394,1170 [1564], 388, 301 [ 689]
  32: 388, 306 [ 694], 388, 301 [ 689], 395, 299 [ 694], 389, 300 [ 689], 394, 294 [ 688], 395, 305 [ 700], 384,1170 [1554], 388, 306 [ 694]
  48: 389,1164 [1553], 394, 300 [ 694], 389, 306 [ 695], 388,1165 [1553], 392,1165 [1557], 395,1164 [1559], 392, 306 [ 698], 383, 305 [ 688]
  64: 388, 301 [ 689], 388,1170 [1558], 394, 300 [ 694], 389,1170 [1559], 388,1170 [1558], 395,1163 [1558], 394,1167 [1561], 388, 305 [ 693]
  80: 388, 301 [ 689], 388,1170 [1558], 394, 295 [ 689], 394, 299 [ 693], 395, 300 [ 695], 389, 305 [ 694], 384, 305 [ 689], 388, 301 [ 689]
  96: 395,1163 [1558], 394,   0 [ 394]
!Rounded 1,2,2
   0: [5100] [ 690] [1560] [ 690] [ 690] [ 690] [ 690] [ 690]
   8: [ 690] [ 690] [ 690] [ 690] [ 690] [ 690] [1560] [ 690]
  16: [ 690] [ 690] [ 690] [ 690] [ 690] [ 690] [1560] [ 690]
  24: [1560] [ 690] [ 690] [1560] [1560] [1560] [ 690] [ 690]
  32: [ 690] [1560] [ 690] [1560] [1560] [1560] [1560] [ 690]
  40: [ 690] [1560] [ 690] [ 690] [ 690] [ 690] [ 690] [ 690]
  48: [1560] [ 390]
SyncP+S 1126 40 04 05 38 BC 81
SyncP+S 1126 01000000 00000100 00000101 00111000 10111100 10000001 0

01000000 00000100 00000101 
00111000 10111100 10000001 0

!    63,50797,100,99,1, (0xBF6171AF)
RAW P  3460, 384, 398,  14,  49, 0xFFFFFFFF [384-398]
RAW S  1607, 295,1170, 875,  14, 0x409E8E50 [295-306/1160-1170]
RAW PS 5067, 689,1564, 875,  63, 0xBF6171AF [689-695/1554-1564]
   0:3460,1607 [5067], 385, 301 [ 686], 388,1170 [1558], 395, 295 [ 690], 394, 299 [ 693], 390, 300 [ 690], 394, 301 [ 695], 388, 306 [ 694]
  16: 384, 306 [ 690], 388, 301 [ 689], 395, 299 [ 694], 390, 299 [ 689], 394, 301 [ 695], 389, 305 [ 694], 389,1165 [1554], 388, 306 [ 694]
  32: 394, 295 [ 689], 395, 299 [ 694], 390, 305 [ 695], 389, 301 [ 690], 388, 305 [ 693], 384, 306 [ 690], 395,1160 [1555], 398, 295 [ 693]
  48: 394,1170 [1564], 388, 301 [ 689], 389, 305 [ 694], 390,1164 [1554], 394,1170 [1564], 389,1170 [1559], 388, 301 [ 689], 394, 295 [ 689]
  64: 395, 299 [ 694], 394,1167 [1561], 388, 305 [ 693], 389,1165 [1554], 395,1163 [1558], 395,1169 [1564], 389,1170 [1559], 390, 299 [ 689]
  80: 394, 300 [ 694], 390,1170 [1560], 388, 306 [ 694], 384, 305 [ 689], 389, 301 [ 690], 394, 300 [ 694], 394, 295 [ 689], 394, 295 [ 689]
  96: 394,1170 [1564], 389,   0 [ 389]
!Rounded 1,2,2
   0: [5110] [ 690] [1560] [ 690] [ 690] [ 690] [ 690] [ 690]
   8: [ 690] [ 690] [ 690] [ 690] [ 690] [ 690] [1560] [ 690]
  16: [ 690] [ 690] [ 690] [ 690] [ 690] [ 690] [1560] [ 690]
  24: [1560] [ 690] [ 690] [1560] [1560] [1560] [ 690] [ 690]
  32: [ 690] [1560] [ 690] [1560] [1560] [1560] [1560] [ 690]
  40: [ 690] [1560] [ 690] [ 690] [ 690] [ 690] [ 690] [ 690]
  48: [1560] [ 390]
SyncP+S 1124 40 04 05 38 BC 81
SyncP+S 1124 01000000 00000100 00000101 00111000 10111100 10000001 0

Mon 2011-08-15 12:18:06, Input, (48)
Mon 2011-08-15 12:18:09
*  5002, 2955,78,77,1, (48)
RAW P  1593,1525,5570,4045,   1, 32 [1525-1586/2987-3008/5570-5570]
RAW S  1164,1149,5174,4025,   2, 48 [1149-1221/2638-2653/4178-5174]
RAW PS 2757,2720,10744,8024,   3, 16 [2720-2755/4186-4201/5645-5735/10744-10744]
   0:1593,1164 [2757],1559,1179 [2738],1586,1149 [2735],1575,1171 [2746],1556,1177 [2733],1578,1151 [2729],1578,1173 [2751],1544,1190 [2734]
  16:1549,1181 [2730],1566,1169 [2735],1566,1176 [2742],1557,4178 [5735],5570,5174 [10744],1564,1180 [2744],1545,1189 [2734],1568,1167 [2735]
  32:1559,2642 [4201],1541,1195 [2736],1557,1173 [2730],1555,1194 [2749],1545,1181 [2726],1543,1208 [2751],1525,1200 [2725],3007,2638 [5645]
  48:3008,2650 [5658],1555,1165 [2720],1544,1199 [2743],2999,2650 [5649],1544,1184 [2728],1548,1201 [2749],1529,1208 [2737],1536,1203 [2739]
  64:2987,1199 [4186],1535,2653 [4188],1541,1198 [2739],2995,1192 [4187],1534,1221 [2755],1518,2664 [4182],2982,   0 [2982]
!Rounded 3,3,4,0
   0:1560,1190,1560,1190,1560,1190,1560,1190,1560,1190,1560,1190,1560,1190,1560,1190
  16:1560,1190,1560,1190,1560,1190,1560,4700,5600,4700,1560,1190,1560,1190,1560,1190
  32:1560,2600,1560,1190,1560,1190,1560,1190,1560,1190,1560,1190,1560,1190,3000,2600
  48:3000,2600,1560,1190,1560,1190,3000,2600,1560,1190,1560,1190,1560,1190,1560,1190
  64:3000,1190,1560,2600,1560,1190,3000,1190,1560,1190,1518,2664,2982,   0
PreAmble Sync 19 56 07 FF AF 7F 98 02
PreAmble Sync 19 56 00000111 11111111 10101111 01111111 10011000 010
!   100, 3008,78,77,1, (48)
RAW P  1598,1516,5576,4060,   1, 32 [1516-1591/2999-3006/5576-5576]
RAW S  1176,1169,5171,4002,   2, 48 [1169-1212/2639-2663/4170-5171]
RAW PS 2774,2719,10747,8028,   3, 16 [2719-2765/4194-4209/5639-5725/10747-10747]
   0:1598,1176 [2774],1556,1170 [2726],1570,1177 [2747],1564,1174 [2738],1554,1177 [2731],1563,1192 [2755],1553,1169 [2722],1563,1186 [2749]
  16:1547,1184 [2731],1566,1177 [2743],1555,1177 [2732],1555,4170 [5725],5576,5171 [10747],1591,1174 [2765],1540,1179 [2719],1545,1196 [2741]
  32:1553,2644 [4197],1550,1179 [2729],1563,1177 [2740],1541,1200 [2741],1549,1190 [2739],1560,1174 [2734],1555,1186 [2741],3004,2647 [5651]
  48:3000,2639 [5639],1551,1193 [2744],1547,1183 [2730],3003,2657 [5660],1530,1200 [2730],1542,1198 [2740],1542,1205 [2747],1523,1196 [2719]
  64:3006,1203 [4209],1538,2663 [4201],1516,1206 [2722],2999,1195 [4194],1536,1212 [2748],1524,2655 [4179],3001,   0 [3001]
!Rounded 3,3,4,0
   0:1550,1190,1550,1190,1550,1190,1550,1190,1550,1190,1550,1190,1550,1190,1550,1190
  16:1550,1190,1550,1190,1550,1190,1550,4700,5600,4700,1550,1190,1550,1190,1550,1190
  32:1550,2700,1550,1190,1550,1190,1550,1190,1550,1190,1550,1190,1550,1190,3000,2700
  48:3000,2700,1550,1190,1550,1190,3000,2700,1550,1190,1550,1190,1550,1190,1550,1190
  64:3000,1190,1550,2700,1550,1190,3000,1190,1550,1190,1550,2700,3000,   0
PreAmble Sync 19 56 07 FF AF 7F 98 02
PreAmble Sync 19 56 00000111 11111111 10101111 01111111 10011000 010

