RAW P   801, 328, 903, 575,  84, 0xCF69DFDA [328-385/810-903]
RAW S   895, 373, 941, 568,  83, 0x5772DFEB [373-429/857-941]
RAW PS 1696, 746,1797,1051, 167, 0x981B0031 [746-789/1269-1321/1741-1797]
   0: 801, 895 [1696], 864, 895 [1759], 863, 896 [1759], 872, 895 [1767], 892, 897 [1789], 863, 901 [1764], 859, 895 [1754], 866, 895 [1761]
  16: 861, 899 [1760], 892, 898 [1790], 858, 901 [1759], 860, 902 [1762], 859, 901 [1760], 860, 898 [1758], 898, 899 [1797], 859, 901 [1760]
  32: 848, 428 [1276], 372, 920 [1292], 376, 381 [ 757], 901, 416 [1317], 372, 921 [1293], 372, 403 [ 775], 872, 411 [1283], 365, 923 [1288]
  48: 377, 409 [ 786], 865, 429 [1294], 360, 923 [1283], 845, 924 [1769], 358, 409 [ 767], 903, 410 [1313], 338, 933 [1271], 372, 416 [ 788]
  64: 865, 876 [1741], 896, 886 [1782], 894, 411 [1305], 337, 935 [1272], 845, 927 [1772], 841, 927 [1768], 823, 935 [1758], 844, 926 [1770]
  80: 844, 924 [1768], 856, 926 [1782], 822, 924 [1746], 845, 927 [1772], 841, 926 [1767], 845, 927 [1772], 821, 939 [1760], 373, 383 [ 756]
  96: 892, 429 [1321], 358, 930 [1288], 840, 928 [1768], 823, 926 [1749], 841, 930 [1771], 371, 390 [ 761], 895, 422 [1317], 365, 927 [1292]
 112: 823, 924 [1747], 847, 922 [1769], 844, 929 [1773], 841, 927 [1768], 825, 936 [1761], 844, 926 [1770], 844, 928 [1772], 842, 928 [1770]
 128: 822, 928 [1750], 848, 928 [1776], 840, 929 [1769], 844, 927 [1771], 823, 928 [1751], 839, 930 [1769], 842, 928 [1770], 841, 927 [1768]
 144: 356, 416 [ 772], 890, 400 [1290], 360, 928 [1288], 372, 414 [ 786], 892, 389 [1281], 360, 936 [1296], 385, 378 [ 763], 894, 426 [1320]
 160: 360, 930 [1290], 810, 936 [1746], 370, 419 [ 789], 892, 878 [1770], 863, 424 [1287], 363, 929 [1292], 840, 929 [1769], 373, 373 [ 746]
 176: 891, 890 [1781], 891, 400 [1291], 357, 930 [1287], 845, 932 [1777], 839, 929 [1768], 821, 940 [1761], 840, 929 [1769], 842, 929 [1771]
 192: 839, 933 [1772], 829, 928 [1757], 375, 383 [ 758], 891, 901 [1792], 889, 869 [1758], 890, 411 [1301], 356, 930 [1286], 373, 407 [ 780]
 208: 865, 424 [1289], 364, 932 [1296], 838, 930 [1768], 820, 933 [1753], 363, 422 [ 785], 891, 865 [1756], 894, 857 [1751], 894, 888 [1782]
 224: 891, 417 [1308], 328, 941 [1269], 375, 413 [ 788], 890, 870 [1760], 890,   0 [ 890]
!Rounded 2,2,3,2
   0: 880, 880, 880, 880, 880, 880, 880, 880, 880, 880, 880, 880, 880, 880, 880, 880
  16: 880, 880, 880, 880, 880, 880, 880, 880, 880, 880, 880, 880, 880, 880, 880, 880
  32: 880, 380, 380, 880, 380, 380, 880, 380, 380, 880, 380, 380, 880, 380, 380, 880
  48: 380, 380, 880, 380, 380, 880, 880, 880, 380, 380, 880, 380, 380, 880, 380, 380
  64: 880, 880, 880, 880, 880, 380, 380, 880, 880, 880, 880, 880, 880, 880, 880, 880
  80: 880, 880, 880, 880, 880, 880, 880, 880, 880, 880, 880, 880, 880, 880, 380, 380
  96: 880, 380, 380, 880, 880, 880, 880, 880, 880, 880, 380, 380, 880, 380, 380, 880
 112: 880, 880, 880, 880, 880, 880, 880, 880, 880, 880, 880, 880, 880, 880, 880, 880
 128: 880, 880, 880, 880, 880, 880, 880, 880, 880, 880, 880, 880, 880, 880, 880, 880
 144: 380, 380, 880, 380, 380, 880, 380, 380, 880, 380, 380, 880, 380, 380, 880, 380
 160: 380, 880, 880, 880, 380, 380, 880, 880, 880, 380, 380, 880, 880, 880, 380, 380
 176: 880, 880, 880, 380, 380, 880, 880, 880, 880, 880, 880, 880, 880, 880, 880, 880
 192: 880, 880, 880, 880, 380, 380, 880, 880, 880, 880, 880, 380, 380, 880, 380, 380
 208: 880, 380, 380, 880, 880, 880, 880, 880, 380, 380, 880, 880, 880, 880, 880, 880
 224: 880, 380, 380, 880, 380, 380, 880, 880, 880,   0
PreAmble Long 29 205 66 65 9A 95 55 55 65 59 55 55 55 55 99 96 96 95 55 6A 65 6A 9A
PreAmble Long 29 205 01100110 01100101 10011010 10010101 01010101 01010101 01100101 01011001 01010101 01010101 01010101 01010101 10011001 10010110 10010110 10010101 01010101 01101010 01100101 01101010 10011010

  0: 870, 870, 870, 870, 870, 870, 870, 870, 870, 870, 870, 870, 870, 870, 870, 870
  16: 870, 870, 870, 870, 870, 870, 870, 870, 870, 870, 870, 870, 870, 870, 870, 870
  32: 870, 380, 380, 870, 380, 380, 870, 380, 380, 870, 380, 380, 870, 380, 380, 870
  48: 380, 380, 870, 380, 380, 870, 870, 870, 380, 380, 870, 380, 380, 870, 380, 380
  64: 870, 870, 870, 870, 870, 380, 380, 870, 870, 870, 870, 870, 870, 870, 870, 870
  80: 870, 870, 870, 870, 870, 870, 870, 870, 870, 870, 870, 870, 870, 870, 380, 380
  96: 870, 380, 380, 870, 870, 870, 870, 870, 870, 870, 380, 380, 870, 380, 380, 870
 112: 870, 870, 870, 870, 870, 870, 870, 870, 870, 870, 870, 870, 870, 870, 870, 870
 128: 870, 870, 870, 870, 870, 870, 870, 870, 870, 870, 870, 870, 870, 870, 870, 870
 144: 380, 380, 870, 380, 380, 870, 380, 380, 870, 380, 380, 870, 380, 380, 870, 380
 160: 380, 870, 870, 870, 380, 380, 870, 870, 870, 380, 380, 870, 870, 870, 380, 380
 176: 870, 870, 870, 380, 380, 870, 870, 870, 870, 870, 870, 870, 870, 870, 870, 870
 192: 870, 870, 870, 870, 380, 380, 870, 870, 870, 870, 870, 380, 380, 870, 380, 380
 208: 870, 380, 380, 870, 870, 870, 870, 870, 380, 380, 870, 870, 870, 870, 870, 870
 224: 870, 380, 380, 870, 380, 380, 870, 870, 870,   0
PreAmble Long 29 205 99 9A 65 6A AA AA 9A A6 AA AA AA AA 66 69 69 6A AA 95 9A 95 65
PreAmble Long 29 205 10011001 10011010 01100101 01101010 10101010 10101010 10011010 10100110 10101010 10101010 10101010 10101010 01100110 01101001 01101001 01101010 10101010 10010101 10011010 10010101 01100101
PreAmble Long 29 205 54 B8 00 42 00 00 A9 98 07 47 0B
PreAmble Long 29 205 0101 0100 1011 100000000000010000100000000000000000101010011001100000000111010001111011

  0: 880, 880, 880, 880, 880, 880, 880, 880, 880, 880, 880, 880, 880, 880, 880, 880
  16: 880, 880, 880, 880, 880, 880, 880, 880, 880, 880, 880, 880, 880, 880, 880, 880
  32: 880, 380, 380, 880, 380, 380, 880, 380, 380, 880, 380, 380, 880, 380, 380, 880
  48: 380, 380, 880, 380, 380, 880, 880, 880, 380, 380, 880, 380, 380, 880, 380, 380
  64: 880, 880, 880, 880, 880, 380, 380, 880, 880, 880, 880, 880, 880, 880, 880, 880
  80: 880, 880, 880, 880, 880, 880, 880, 880, 880, 880, 880, 880, 880, 880, 380, 380
  96: 880, 380, 380, 880, 880, 880, 880, 880, 880, 880, 380, 380, 880, 380, 380, 880
 112: 880, 880, 880, 880, 880, 880, 880, 880, 880, 880, 880, 880, 880, 880, 880, 880
 128: 880, 880, 880, 880, 880, 880, 880, 880, 880, 880, 880, 880, 880, 880, 880, 880
 144: 380, 380, 880, 380, 380, 880, 380, 380, 880, 380, 380, 880, 380, 380, 880, 380
 160: 380, 880, 880, 880, 380, 380, 880, 880, 880, 380, 380, 880, 880, 880, 380, 380
 176: 880, 880, 880, 380, 380, 880, 880, 880, 880, 880, 880, 880, 880, 880, 880, 880
 192: 880, 880, 880, 880, 380, 380, 880, 880, 880, 880, 880, 380, 380, 880, 380, 380
 208: 880, 380, 380, 880, 880, 880, 880, 880, 380, 380, 880, 880, 880, 880, 880, 880
 224: 880, 380, 380, 880, 380, 380, 880, 880, 880,   0
PreAmble Long 29 205 99 59 A6 56 55 55 59 65 55 55 55 55 66 96 96 56 55 A9 59 A9 A6
PreAmble Long 29 2051 00110011 00110100 11001010 11010101 01010101 01010101 00110101 01001101 01010101 01010101 01010101 01010100 11001100 11010010 11010010 11010101 01010101 00101011 00110101 00101010 1100101
PreAmble Long 29 205 2A 1D 00 42 00 00 95 19 E0 E2 D0
PreAmble Long 29 205 01010100 10111000 00000000 01000010 00000000 00000000 10101001 10011000 00000111 01000111 1011

0101 0100 1011 1000 0000 0000 0100 0010 0000 0000 0000 0000 1010 1001 1001 1000 0000 0111 0100 0111 1011
A 
0 .. 3	: 2 D 1 0 
4	: 0 
5/6	: 2 4 
7	: 0 
8..10	: 0 0 0 
11.. 15	: 5 9 9 1 0 
16..17	: E 2 
E
	: D

RGR968

10011001

LLLLLLLLLLLLLLLL
LLLLLLLLLLLLLLLL
L
SSLSSLSSLSSLSSL
SSLSSLLLSSLSSLSS
LLLLLSSLLLLLLLLL
LLLLLLLLLLLLLLSS
LSSLLLLLLLSSLSSL
LLLLLLLLLLLLLLLL
LLLLLLLLLLLLLLLL
SSLSSLSSLSSLSSLS
SLLLSSLLLSSLLLSS
LLLSSLLLLLLLLLLL
LLLLSSLLLLLSSLSS
LSSLLLLLSSLLLLLL
LSSLSSLLL  0

1 bit 01
0 bit 10

01100110
10011001
01100101
01100101 
10100101
01101010
10101010
10101010
10011010
10100110


0101 1010 1101 1100 0001 0000 0000 0010 0100
5    A    D    C    1    0    0    2    4

     0101 1011 0011 1000 0000 0000 0100 0010
     5    B    3    8    0    0    4    2

LLLLLLLLLLLLLLLL
LLLLLLLLLLLLLLLL
SSLSSLSSLSSLSSLS
SLLLSSLLLSSLLLSS
LLLSSLLLLLLLLLLL
LLLLSSLLLLLSSLSS
LSSLLLLLSSLLLLLL
LSSLSSLLL  0

Fri 2011-08-19 11:32:43
* 21780,43608,232,231,1, (0xB00C6061)
RAW P   699, 334, 935, 601,  85, 0x9FB72FAE [334-392/809-935]
RAW S   845, 370, 939, 569,  84, 0x2FBB4FCF [370-429/854-939]
RAW PS 1544, 753,1792,1039, 169, 0xB00C6061 [753-789/1266-1324/1738-1792]
   0: 699, 845 [1544], 899, 860 [1759], 904, 854 [1758], 935, 857 [1792], 884, 875 [1759], 891, 867 [1758], 886, 875 [1761], 884, 873 [1757]
  16: 911, 879 [1790], 877, 888 [1765], 883, 877 [1760], 885, 873 [1758], 910, 878 [1788], 882, 882 [1764], 871, 888 [1759], 875, 884 [1759]
  32: 894, 416 [1310], 350, 921 [1271], 392, 392 [ 784], 913, 371 [1284], 377, 909 [1286], 389, 397 [ 786], 914, 371 [1285], 377, 920 [1297]
  48: 389, 373 [ 762], 905, 407 [1312], 379, 911 [1290], 859, 910 [1769], 365, 404 [ 769], 903, 403 [1306], 369, 913 [1282], 389, 386 [ 775]
  64: 876, 866 [1742], 905, 865 [1770], 902, 416 [1318], 372, 915 [1287], 827, 923 [1750], 861, 913 [1774], 867, 913 [1780], 823, 924 [1747]
  80: 857, 911 [1768], 856, 916 [1772], 833, 926 [1759], 854, 916 [1770], 853, 921 [1774], 848, 915 [1763], 835, 930 [1765], 383, 370 [ 753]
  96: 910, 414 [1324], 373, 915 [1288], 852, 917 [1769], 833, 916 [1749], 853, 917 [1770], 381, 405 [ 786], 876, 410 [1286], 375, 916 [1291]
 112: 853, 923 [1776], 847, 916 [1763], 823, 924 [1747], 853, 916 [1769], 865, 922 [1787], 822, 924 [1746], 854, 916 [1770], 852, 917 [1769]
 128: 833, 927 [1760], 852, 917 [1769], 851, 920 [1771], 851, 917 [1768], 831, 930 [1761], 851, 918 [1769], 851, 917 [1768], 859, 916 [1775]
 144: 831, 918 [1749], 378, 411 [ 789], 898, 377 [1275], 370, 929 [1299], 850, 922 [1772], 847, 921 [1768], 381, 398 [ 779], 867, 429 [1296]
 160: 357, 922 [1279], 848, 922 [1770], 359, 408 [ 767], 899, 411 [1310], 334, 932 [1266], 853, 922 [1775], 846, 928 [1774], 823, 933 [1756]
 176: 372, 415 [ 787], 895, 379 [1274], 367, 923 [1290], 845, 927 [1772], 852, 926 [1778], 815, 934 [1749], 846, 921 [1767], 846, 924 [1770]
 192: 367, 411 [ 778], 895, 414 [1309], 358, 926 [1284], 369, 407 [ 776], 865, 873 [1738], 895, 873 [1768], 895, 421 [1316], 366, 927 [1293]
 208: 809, 939 [1748], 842, 927 [1769], 385, 401 [ 786], 865, 876 [1741], 892, 898 [1790], 894, 865 [1759], 899, 859 [1758], 890, 899 [1789]
 224: 889, 384 [1273], 366, 927 [1293], 366, 419 [ 785], 894,   0 [ 894]
!Rounded 2,2,3,2
   0: 870, 870, 870, 870, 870, 870, 870, 870, 870, 870, 870, 870, 870, 870, 870, 870
  16: 870, 870, 870, 870, 870, 870, 870, 870, 870, 870, 870, 870, 870, 870, 870, 870
  32: 870, 380, 380, 870, 380, 380, 870, 380, 380, 870, 380, 380, 870, 380, 380, 870
  48: 380, 380, 870, 380, 380, 870, 870, 870, 380, 380, 870, 380, 380, 870, 380, 380
  64: 870, 870, 870, 870, 870, 380, 380, 870, 870, 870, 870, 870, 870, 870, 870, 870
  80: 870, 870, 870, 870, 870, 870, 870, 870, 870, 870, 870, 870, 870, 870, 380, 380
  96: 870, 380, 380, 870, 870, 870, 870, 870, 870, 870, 380, 380, 870, 380, 380, 870
 112: 870, 870, 870, 870, 870, 870, 870, 870, 870, 870, 870, 870, 870, 870, 870, 870
 128: 870, 870, 870, 870, 870, 870, 870, 870, 870, 870, 870, 870, 870, 870, 870, 870
 144: 870, 870, 380, 380, 870, 380, 380, 870, 870, 870, 870, 870, 380, 380, 870, 380
 160: 380, 870, 870, 870, 380, 380, 870, 380, 380, 870, 870, 870, 870, 870, 870, 870
 176: 380, 380, 870, 380, 380, 870, 870, 870, 870, 870, 870, 870, 870, 870, 870, 870
 192: 380, 380, 870, 380, 380, 870, 380, 380, 870, 870, 870, 870, 870, 380, 380, 870
 208: 870, 870, 870, 870, 380, 380, 870, 870, 870, 870, 870, 870, 870, 870, 870, 870
 224: 870, 380, 380, 870, 380, 380, 870,   0
PreAmble Long 29 203 A 2 D 1 0 0 2 4 0 0 0 0 2 2 1 2 0 D 1 F 0 B
!    12,43766,232,231,1, (0xB00C6061)
RAW P   804, 335, 897, 562,  85, 0x9FB72FAE [335-388/810-897]
RAW S   894, 372, 940, 568,  84, 0x2FBB4FCF [372-430/857-940]
RAW PS 1698, 744,1793,1049, 169, 0xB00C6061 [744-790/1270-1320/1742-1793]
   0: 804, 894 [1698], 863, 896 [1759], 891, 898 [1789], 861, 897 [1758], 866, 899 [1765], 861, 896 [1757], 864, 898 [1762], 892, 898 [1790]
  16: 858, 901 [1759], 861, 897 [1758], 861, 902 [1763], 888, 901 [1789], 857, 902 [1759], 858, 902 [1760], 859, 899 [1758], 864, 902 [1766]
  32: 878, 430 [1308], 365, 923 [1288], 372, 375 [ 747], 897, 419 [1316], 369, 922 [1291], 373, 409 [ 782], 892, 385 [1277], 362, 928 [1290]
  48: 373, 410 [ 783], 895, 386 [1281], 360, 936 [1296], 845, 923 [1768], 388, 376 [ 764], 889, 427 [1316], 364, 928 [1292], 373, 372 [ 745]
  64: 896, 880 [1776], 888, 886 [1774], 895, 409 [1304], 335, 937 [1272], 842, 928 [1770], 842, 924 [1766], 823, 936 [1759], 846, 924 [1770]
  80: 842, 927 [1769], 841, 928 [1769], 831, 934 [1765], 844, 928 [1772], 842, 926 [1768], 842, 929 [1771], 822, 923 [1745], 371, 419 [ 790]
  96: 892, 392 [1284], 354, 937 [1291], 842, 927 [1769], 822, 940 [1762], 839, 930 [1769], 372, 383 [ 755], 897, 423 [1320], 364, 929 [1293]
 112: 820, 935 [1755], 842, 929 [1771], 844, 926 [1770], 842, 927 [1769], 823, 926 [1749], 840, 934 [1774], 838, 926 [1764], 844, 928 [1772]
 128: 840, 928 [1768], 845, 928 [1773], 815, 939 [1754], 841, 929 [1770], 852, 927 [1779], 810, 939 [1749], 841, 928 [1769], 842, 930 [1772]
 144: 818, 937 [1755], 376, 414 [ 790], 890, 390 [1280], 358, 927 [1285], 842, 924 [1766], 860, 928 [1788], 367, 377 [ 744], 895, 421 [1316]
 160: 365, 926 [1291], 845, 924 [1769], 351, 416 [ 767], 892, 413 [1305], 335, 935 [1270], 844, 926 [1770], 844, 930 [1774], 819, 935 [1754]
 176: 376, 414 [ 790], 894, 386 [1280], 359, 926 [1285], 847, 932 [1779], 851, 926 [1777], 813, 935 [1748], 842, 927 [1769], 842, 927 [1769]
 192: 360, 417 [ 777], 895, 417 [1312], 347, 928 [1275], 373, 401 [ 774], 865, 877 [1742], 894, 886 [1780], 895, 395 [1290], 358, 927 [1285]
 208: 847, 932 [1779], 838, 928 [1766], 381, 377 [ 758], 895, 872 [1767], 897, 896 [1793], 892, 866 [1758], 892, 857 [1749], 894, 896 [1790]
 224: 892, 389 [1281], 359, 927 [1286], 375, 414 [ 789], 891,   0 [ 891]
!Rounded 2,2,3,2
   0: 880, 880, 880, 880, 880, 880, 880, 880, 880, 880, 880, 880, 880, 880, 880, 880
  16: 880, 880, 880, 880, 880, 880, 880, 880, 880, 880, 880, 880, 880, 880, 880, 880
  32: 880, 380, 380, 880, 380, 380, 880, 380, 380, 880, 380, 380, 880, 380, 380, 880
  48: 380, 380, 880, 380, 380, 880, 880, 880, 380, 380, 880, 380, 380, 880, 380, 380
  64: 880, 880, 880, 880, 880, 380, 380, 880, 880, 880, 880, 880, 880, 880, 880, 880
  80: 880, 880, 880, 880, 880, 880, 880, 880, 880, 880, 880, 880, 880, 880, 380, 380
  96: 880, 380, 380, 880, 880, 880, 880, 880, 880, 880, 380, 380, 880, 380, 380, 880
 112: 880, 880, 880, 880, 880, 880, 880, 880, 880, 880, 880, 880, 880, 880, 880, 880
 128: 880, 880, 880, 880, 880, 880, 880, 880, 880, 880, 880, 880, 880, 880, 880, 880
 144: 880, 880, 380, 380, 880, 380, 380, 880, 880, 880, 880, 880, 380, 380, 880, 380
 160: 380, 880, 880, 880, 380, 380, 880, 380, 380, 880, 880, 880, 880, 880, 880, 880
 176: 380, 380, 880, 380, 380, 880, 880, 880, 880, 880, 880, 880, 880, 880, 880, 880
 192: 380, 380, 880, 380, 380, 880, 380, 380, 880, 880, 880, 880, 880, 380, 380, 880
 208: 880, 880, 880, 880, 380, 380, 880, 880, 880, 880, 880, 880, 880, 880, 880, 880
 224: 880, 380, 380, 880, 380, 380, 880,   0
PreAmble Long 29 203 A 2 D 1 0 0 2 4 0 0 0 0 2 2 1 2 0 D 1 F 0 B
total count 212!

Sync A 
0 .. 3	: 2 D 1 0 
4	: 0 
5/6	: 2 4 
7	: 0 
8..10	: 0 0 0 
11.. 15	: 2 2 1 2 0 
16..17	: D 1 
F 0 B
	: D
